0,-1.6000000000000014,0
10,-155.69999999999982,1
20,-251.39999999999893,1
30,-364.6999999999985,1
40,-456.6999999999985,1
50,-571.5999999999998,2
60,-661.600000000002,3
70,-758.2000000000025,3
80,-870.3000000000034,4
90,-905.8000000000068,5
100,-913.2000000000114,7
110,-1007.1000000000147,11
120,-1058.3000000000077,12
130,-1080.0000000000045,13
140,-1076.4999999999989,17
150,-1031.0999999999917,21
160,-978.0999999999967,26
170,-935.8000000000001,28
180,-931.1000000000041,32
190,-891.4000000000068,36
200,-930.7000000000116,38
210,-907.3000000000172,41
220,-906.9000000000244,42
230,-823.9000000000292,45
240,-833.7000000000364,46
250,-779.6000000000421,49
260,-905.8000000000474,50
270,-909.8000000000533,55
280,-908.4000000000591,55
290,-909.6000000000652,56
300,-900.20000000007,58
310,-867.5000000000764,61
320,-843.9000000000825,63
330,-807.4000000000887,65
340,-757.6000000000938,66
350,-705.0000000000982,69
360,-619.5000000001021,74
370,-554.6000000001047,77
380,-476.20000000011004,80
390,-442.9000000001145,85
400,-221.60000000011462,94
410,-184.90000000011315,96
420,-39.80000000011252,102
430,27.19999999988726,105
440,175.49999999988762,111
450,324.9999999998865,118
460,433.9999999998838,123
470,625.1999999998816,130
480,812.0999999998794,138
490,919.6999999998757,143
500,1094.1999999998798,150
510,1177.599999999887,155
520,1248.9999999998959,158
530,1416.9999999999052,164
540,1555.1999999999134,169
550,1621.1999999999314,172
560,1799.8999999999394,179
570,1859.0999999999572,181
580,1931.19999999997,184
590,2076.899999999983,189
600,2257.499999999991,195
610,2379.8000000000075,200
620,2457.600000000024,205
630,2357.200000000048,207
640,2443.800000000065,212
650,2642.200000000072,218
660,2847.5000000000796,224
670,3007.500000000091,231
680,3116.400000000107,236
690,3377.100000000113,245
700,3498.8000000001316,251
710,3670.8000000001416,258
720,3877.3000000001525,266
730,4061.4000000001647,272
740,4173.70000000017,277
750,4290.600000000137,282
760,4525.7000000001135,290
770,4649.400000000081,295
780,4876.3000000000575,303
790,5058.500000000024,310
800,5209.99999999998,316
810,5366.899999999935,322
820,5606.599999999922,330
830,5806.099999999914,337
840,5781.899999999888,342
850,5931.699999999861,348
860,6114.399999999827,355
870,6296.299999999807,362
880,6472.09999999979,368
890,6679.799999999767,375
900,6936.799999999771,384
910,7191.599999999759,393
920,7352.099999999744,401
930,7477.399999999689,406
940,7673.499999999655,413
950,7938.999999999642,422
960,8095.099999999606,428
970,8216.999999999543,432
980,8369.299999999475,438
990,8627.09999999946,447
1000,8878.999999999452,455
1010,9016.699999999442,463
1020,9231.299999999406,470
1030,9421.699999999388,478
1040,9647.39999999937,486
1050,9894.199999999353,495
1060,9984.49999999928,499
1070,10168.899999999225,506
1080,10396.79999999919,514
1090,10619.699999999166,522
1100,10875.69999999915,531
1110,11091.299999999124,539
1120,11296.3999999991,546
1130,11415.899999999046,551
1140,11636.199999999011,559
1150,11822.099999998954,566
1160,12042.79999999893,574
1170,12229.599999998896,581
1180,12493.199999998886,590
1190,12641.999999998827,595
1200,12783.699999998767,600
1210,12959.099999998729,607
1220,13167.3999999987,615
1230,13344.499999998652,622
1240,13573.199999998627,630
1250,13819.199999998611,638
1260,14007.099999998558,645
1270,14165.899999998506,651
1280,14357.699999998482,658
1290,14537.099999998429,665
1300,14757.599999998405,673
1310,14961.399999998366,681
1320,15213.399999998346,690
1330,15433.79999999833,698
1340,15643.499999998303,706
1350,15832.499999998246,713
1360,16047.899999998217,721
1370,16253.099999998187,729
1380,16407.299999998337,736
1390,16568.59999999838,742
1400,16636.49999999868,745
1410,16828.79999999875,751
1420,17043.499999998774,759
1430,17212.6999999989,766
1440,17348.09999999908,772
1450,17465.399999999183,777
1460,17763.499999999192,786
1470,17990.39999999928,794
1480,18087.299999999268,799
1490,18139.899999999292,802
1500,18359.299999999395,810
1510,18542.799999999464,817
1520,18761.099999999555,825
1530,18824.79999999965,829
1540,19010.699999999746,836
1550,19225.199999999702,844
1560,19356.899999999925,849
1570,19595.599999999988,857
1580,19804.599999999955,865
1590,19948.300000000017,870
1600,20070.700000000114,874
1610,20193.100000000264,878
1620,20407.00000000035,886
1630,20568.70000000052,892
1640,20757.900000000693,899
1650,21047.500000000702,909
1660,21236.800000000752,916
1670,21415.300000000883,923
1680,21627.50000000085,931
1690,21876.200000000903,939
1700,22089.50000000088,947
1710,22182.10000000094,951
1720,22366.10000000088,957
1730,22487.4000000009,962
1740,22717.60000000091,971
1750,22944.100000001003,979
1760,23125.400000001137,985
1770,23319.20000000114,993
1780,23441.000000001215,998
1790,23710.80000000123,1007
1800,23927.900000001257,1015
1810,24215.200000001267,1025
1820,24445.70000000135,1033
1830,24618.300000001356,1039
1840,24836.900000001446,1047
1850,25034.300000001578,1054
1860,25146.700000001652,1059
1870,25320.900000001748,1065
1880,25466.100000001843,1071
1890,25715.20000000189,1080
1900,25815.300000001967,1085
1910,25932.600000002145,1089
1920,26215.700000002158,1099
1930,26427.600000002247,1106
1940,26605.20000000231,1112
1950,26723.30000000231,1117
1960,26900.800000002382,1124
1970,26946.600000002407,1127
1980,27064.700000002493,1132
1990,27208.700000002624,1138
2000,27455.40000000267,1147
2010,27675.80000000276,1155
2020,27867.400000002795,1162
2030,28050.700000002933,1169
2040,28091.30000000308,1172
2050,28215.000000003212,1175
2060,28478.000000003234,1183
2070,28618.500000003343,1189
2080,28902.600000003353,1199
2090,29154.700000003406,1208
2100,29397.00000000345,1216
2110,29561.700000003613,1222
2120,29682.700000003784,1227
2130,29870.500000003824,1234
2140,30030.60000000389,1240
2150,30182.700000003882,1247
2160,30248.5000000041,1250
2170,30455.20000000415,1256
2180,30639.60000000422,1263
2190,30882.300000004227,1272
2200,31134.100000004277,1280
2210,31342.700000004374,1288
2220,31520.40000000438,1295
2230,31665.000000004413,1301
2240,31849.10000000453,1308
2250,31935.200000004632,1312
2260,32093.4000000046,1319
2270,32245.50000000464,1325
2280,32518.300000004656,1335
2290,32665.200000004716,1341
2300,32758.100000004768,1346
2310,32892.90000000506,1351
2320,33080.500000005275,1358
2330,33284.20000000542,1365
2340,33390.5000000056,1371
2350,33579.500000005726,1378
2360,33842.80000000575,1387
2370,34049.70000000586,1394
2380,34198.30000000607,1400
2390,34286.80000000637,1405
2400,34354.10000000674,1408
2410,34555.400000006885,1415
2420,34734.200000007164,1422
2430,34856.90000000746,1427
2440,35031.40000000775,1431
2450,35235.500000007945,1439
2460,35451.10000000805,1447
2470,35397.70000000818,1449
2480,35529.60000000849,1454
2490,35601.300000008545,1458
2500,35730.40000000876,1464
2510,35893.20000000895,1470
2520,36154.70000000899,1479
2530,36170.40000000909,1482
2540,36293.200000009354,1487
2550,36354.600000009596,1492
2560,36540.400000009584,1500
2570,36641.80000000976,1505
2580,36871.200000009885,1513
2590,37088.80000001002,1521
2600,37294.80000001012,1528
2610,37335.40000001034,1531
2620,37397.00000001066,1533
2630,37480.700000010955,1537
2640,37656.2000000111,1544
2650,37904.6000000113,1552
2660,38031.30000001135,1558
2670,38148.900000011636,1562
2680,38304.400000011854,1568
2690,38479.00000001199,1575
2700,38664.30000001222,1582
2710,38770.500000012486,1587
2720,38974.200000012606,1595
2730,39116.9000000128,1601
2740,39305.70000001298,1608
2750,39569.700000013014,1618
2760,39684.30000001335,1623
2770,39947.50000001337,1632
2780,40138.400000013615,1638
2790,40323.40000001379,1645
2800,40531.400000013906,1653
2810,40676.100000014136,1658
2820,40839.90000001424,1664
2830,41049.50000001436,1671
2840,41138.50000001473,1675
2850,41375.40000001474,1684
2860,41607.40000001481,1692
2870,41754.70000001507,1698
2880,41991.400000015135,1707
2890,42091.6000000153,1711
2900,42297.80000001549,1719
2910,42501.90000001565,1727
2920,42682.800000015784,1734
2930,42910.90000001586,1741
2940,43144.10000001586,1750
2950,43401.400000015965,1759
2960,43378.90000001609,1761
2970,43460.50000001652,1765
2980,43665.10000001666,1772
2990,43836.30000001676,1779
3000,43975.30000001704,1784
3010,44252.00000001707,1794
3020,44427.50000001729,1801
3030,44591.800000017465,1808
3040,44740.10000001773,1814
3050,44963.2000000178,1823
3060,45080.20000001808,1828
3070,45297.50000001822,1836
3080,45493.800000018295,1844
3090,45747.40000001845,1853
3100,45928.900000018635,1860
3110,46038.30000001884,1865
3120,46177.800000019095,1870
3130,46299.10000001945,1876
3140,46546.40000001951,1885
3150,46740.400000019654,1891
3160,46992.70000001976,1900
3170,47162.30000001994,1906
3180,47292.70000002013,1912
3190,47526.40000002024,1921
3200,47688.000000020445,1926
3210,47855.00000002063,1932
3220,48009.000000020795,1938
3230,48174.800000021,1944
3240,48219.90000002117,1947
3250,48429.3000000213,1955
3260,48597.10000002149,1962
3270,48716.700000021716,1967
3280,48936.10000002185,1975
3290,49111.80000002205,1982
3300,49354.20000002215,1991
3310,49632.400000022164,2001
3320,49730.600000022474,2006
3330,49937.80000002267,2013
3340,50091.30000002294,2019
3350,50322.400000023146,2027
3360,50506.700000023375,2033
3370,50696.70000002354,2040
3380,50862.90000002377,2046
3390,51105.60000002384,2055
3400,51271.7000000239,2062
3410,51482.300000024035,2070
3420,51628.20000002428,2076
3430,51679.60000002464,2079
3440,51852.90000002482,2086
3450,52077.300000024996,2093
3460,52260.00000002514,2100
3470,52518.200000025245,2109
3480,52699.10000002549,2117
3490,52860.10000002566,2124
3500,53108.90000002574,2133
3510,53292.800000025905,2141
3520,53577.60000002592,2151
3530,53740.20000002618,2156
3540,53895.400000026406,2162
3550,54155.10000002646,2171
3560,54381.100000026556,2179
3570,54592.800000026706,2185
3580,54822.70000002682,2193
3590,55017.20000002687,2200
3600,55076.60000002733,2202
3610,55303.80000002746,2210
3620,55557.80000002752,2218
3630,55705.600000027756,2224
3640,55809.800000028015,2229
3650,55941.70000002829,2234
3660,56088.100000028535,2240
3670,56332.40000002865,2249
3680,56567.10000002873,2257
3690,56852.400000028756,2267
3700,57006.300000029034,2273
3710,57062.80000002948,2276
3720,57283.0000000295,2285
3730,57457.700000029734,2292
3740,57675.80000002984,2299
3750,57942.1000000299,2308
3760,58069.100000030136,2313
3770,58273.70000003028,2321
3780,58479.800000030315,2329
3790,58727.40000003041,2338
3800,59046.00000003043,2348
3810,59312.60000003044,2358
3820,59513.30000003058,2366
3830,59724.90000003072,2374
3840,59836.400000031004,2379
3850,59958.10000003126,2384
3860,60207.50000003133,2393
3870,60440.400000031426,2402
3880,60646.70000003154,2409
3890,60881.80000003162,2418
3900,61046.90000003181,2423
3910,61335.00000003186,2432
3920,61464.40000003208,2437
3930,61658.400000032205,2445
3940,61913.90000003225,2454
3950,62112.0000000324,2460
3960,62229.100000032566,2465
3970,62324.2000000327,2470
3980,62488.20000003289,2476
3990,62607.00000003316,2481
4000,62697.20000003346,2485
4010,62945.60000003352,2494
4020,63179.90000003364,2503
4030,63367.300000033836,2507
4040,63645.90000003386,2516
4050,63821.10000003396,2523
4060,64036.70000003409,2531
4070,64244.80000003421,2539
4080,64482.30000003429,2548
4090,64631.800000034564,2554
4100,64740.00000003481,2559
4110,64877.00000003508,2565
4120,65129.10000003514,2574
4130,65363.50000003521,2582
4140,65512.80000003544,2588
4150,65779.30000003541,2598
4160,65933.50000003498,2604
4170,66094.3000000343,2610
4180,66269.10000003398,2617
4190,66460.40000003361,2624
4200,66636.90000003355,2630
4210,66881.50000003357,2639
4220,67001.60000003318,2644
4230,67227.70000003325,2653
4240,67377.90000003256,2659
4250,67556.40000003233,2665
4260,67719.90000003244,2671
4270,67862.70000003248,2677
4280,68020.90000003195,2683
4290,68186.90000003182,2690
4300,68407.40000003159,2698
4310,68486.30000003152,2702
4320,68571.60000003122,2706
4330,68782.10000003096,2713
4340,68961.00000003059,2719
4350,69239.40000003036,2728
4360,69482.5000000304,2737
4370,69667.30000003014,2744
4380,69864.60000002972,2750
4390,70074.1000000296,2758
4400,70325.4000000292,2767
4410,70554.90000002884,2775
4420,70757.30000002898,2783
4430,70930.90000002901,2792
4440,71136.80000002882,2800
4450,71331.30000002867,2807
4460,71552.00000002832,2814
4470,71670.0000000279,2819
4480,71851.00000002762,2826
4490,72073.00000002733,2835
4500,72287.50000002696,2843
4510,72546.60000002697,2853
4520,72779.300000027,2862
4530,72870.50000002618,2866
4540,73064.30000002595,2873
4550,73277.40000002582,2881
4560,73548.40000002577,2891
4570,73773.60000002579,2899
4580,73896.90000002517,2904
4590,73968.300000024,2908
4600,74204.70000002385,2916
4610,74431.70000002395,2924
4620,74661.20000002382,2930
4630,74793.50000002375,2936
4640,74904.80000002371,2941
4650,75056.60000002298,2947
4660,75308.80000002278,2956
4670,75489.8000000227,2962
4680,75738.30000002275,2971
4690,75882.7000000223,2977
4700,76088.20000002226,2985
4710,76207.60000002154,2990
4720,76386.20000002098,2997
4730,76527.00000002071,3002
4740,76678.40000002053,3008
4750,76907.40000002047,3016
4760,77210.40000002045,3026
4770,77475.50000002026,3035
4780,77687.90000002015,3043
4790,77880.90000001958,3050
4800,78073.1000000197,3058
4810,78263.60000001953,3065
4820,78386.60000001904,3069
4830,78615.40000001868,3077
4840,78702.6000000184,3082
4850,78912.40000001815,3089
4860,79167.40000001797,3098
4870,79447.20000001776,3107
4880,79735.50000001772,3117
4890,79936.30000001732,3125
4900,80187.30000001712,3134
4910,80401.10000001699,3141
4920,80565.20000001632,3148
4930,80781.00000001611,3156
4940,80926.10000001574,3161
4950,81106.40000001562,3168
4960,81325.40000001549,3176
4970,81577.80000001528,3185
4980,81779.90000001506,3193
4990,82027.90000001508,3202
5000,82214.40000001466,3210
5010,82387.50000001439,3218
5020,82560.7000000144,3225
5030,82775.70000001407,3234
5040,82924.8000000133,3240
5050,83141.40000001303,3246
5060,83316.20000001264,3253
5070,83529.70000001232,3261
5080,83716.10000001188,3268
5090,83896.10000001141,3275
5100,84017.60000001124,3280
5110,84207.00000001067,3288
5120,84406.00000001048,3296
5130,84592.1000000101,3303
5140,84751.30000000964,3309
5150,85008.1000000094,3318
5160,85189.8000000088,3325
5170,85362.40000000825,3331
5180,85620.40000000804,3339
5190,85831.10000000772,3347
5200,85886.30000000699,3350
5210,85987.30000000632,3355
5220,85981.90000000516,3356
5230,86153.1000000046,3362
5240,86302.3000000039,3368
5250,86485.50000000362,3375
5260,86723.40000000334,3384
5270,86779.00000000262,3387
5280,87017.1000000024,3394
5290,87203.1000000019,3400
5300,87383.20000000132,3406
5310,87639.2000000012,3414
5320,87803.70000000087,3421
5330,88059.80000000076,3430
5340,88306.20000000058,3439
5350,88513.40000000033,3446
5360,88691.69999999984,3453
5370,88884.6999999996,3460
5380,89100.99999999937,3468
5390,89286.49999999888,3475
5400,89468.29999999847,3482
5410,89749.69999999844,3492
5420,89964.59999999804,3500
5430,90154.59999999762,3508
5440,90290.19999999713,3514
5450,90489.89999999685,3521
5460,90614.899999997,3526
5470,90704.99999999652,3529
5480,90847.39999999598,3535
5490,91004.19999999557,3541
5500,91249.99999999537,3549
5510,91415.29999999492,3556
5520,91587.39999999433,3563
5530,91857.89999999429,3573
5540,92051.09999999391,3581
5550,92333.49999999389,3591
5560,92552.59999999352,3599
5570,92822.79999999347,3609
5580,92948.59999999269,3614
5590,93172.19999999258,3622
5600,93456.6999999925,3632
5610,93706.79999999229,3641
5620,93964.99999999217,3651
5630,94084.39999999225,3656
5640,94207.59999999139,3661
5650,94391.49999999086,3668
5660,94575.69999999036,3674
5670,94788.2999999905,3682
5680,94922.19999999007,3686
5690,95069.89999998975,3691
5700,95354.09999998969,3700
5710,95578.09999998934,3708
5720,95800.39999998921,3716
5730,95950.69999998894,3721
5740,96098.99999998856,3727
5750,96348.3999999885,3737
5760,96568.59999998812,3745
5770,96685.0999999876,3750
5780,96905.59999998724,3757
5790,97027.19999998751,3762
5800,97219.5999999871,3768
5810,97431.799999987,3776
5820,97649.69999998662,3784
5830,97921.29999998657,3794
5840,98036.99999998648,3799
5850,98205.8999999867,3806
5860,98411.79999998634,3813
5870,98670.29999998616,3822
5880,98930.79999998622,3831
5890,99132.59999998614,3839
5900,99300.09999998608,3845
5910,99494.49999998588,3853
5920,99671.59999998574,3859
5930,99886.69999998537,3867
5940,100111.49999998519,3873
5950,100364.39999998502,3882
5960,100615.19999998485,3891
5970,100830.5999999845,3899
5980,100949.09999998416,3904
5990,101151.59999998368,3911
6000,101313.0999999834,3918
6010,101538.5999999834,3927
6020,101774.59999998315,3936
6030,102056.69999998312,3946
6040,102299.1999999829,3955
6050,102516.19999998249,3963
6060,102631.29999998216,3968
6070,102819.0999999819,3975
6080,103061.09999998183,3984
6090,103249.29999998162,3990
6100,103433.69999998147,3996
6110,103645.89999998137,4004
6120,103777.09999998072,4010
6130,104002.49999998018,4018
6140,104175.19999998018,4025
6150,104425.29999997998,4034
6160,104611.29999997979,4041
6170,104772.5999999796,4048
6180,105014.19999997946,4056
6190,105235.49999997935,4064
6200,105338.7999999787,4069
6210,105432.19999997788,4074
6220,105627.19999997746,4081
6230,105845.99999997742,4089
6240,106005.69999997687,4095
6250,106029.69999997645,4099
6260,106207.19999997613,4105
6270,106331.09999997602,4110
6280,106566.89999997575,4118
6290,106822.59999997563,4127
6300,107082.89999997559,4136
6310,107206.4999999757,4142
6320,107429.39999997575,4149
6330,107681.89999997555,4158
6340,107929.09999997533,4167
6350,108123.99999997484,4175
6360,108229.29999997492,4179
6370,108381.2999999747,4186
6380,108525.99999997424,4192
6390,108698.39999997396,4199
6400,108880.49999997344,4205
6410,109032.8999999731,4210
6420,109176.99999997264,4216
6430,109351.59999997227,4223
6440,109537.29999997186,4231
6450,109688.69999997132,4237
6460,109853.59999997087,4244
6470,110047.59999997076,4251
6480,110137.09999996974,4255
6490,110239.6999999693,4259
6500,110379.69999996902,4265
6510,110585.7999999689,4273
6520,110758.69999996905,4280
6530,110910.29999996859,4285
6540,111188.59999996838,4294
6550,111305.79999996755,4299
6560,111480.89999996703,4306
6570,111760.29999996698,4316
6580,112000.79999996678,4325
6590,112257.39999996668,4334
6600,112510.49999996657,4344
6610,112777.59999996652,4354
6620,113000.99999996628,4363
6630,113238.6999999661,4371
6640,113468.9999999659,4379
6650,113607.69999996579,4384
6660,113826.09999996547,4392
6670,113999.89999996508,4399
6680,114225.19999996483,4407
6690,114427.49999996451,4413
6700,114481.29999996387,4416
6710,114607.29999996345,4421
6720,114759.89999996289,4427
6730,115026.69999996285,4436
6740,115195.09999996213,4442
6750,115385.2999999616,4450
6760,115589.69999996123,4458
6770,115768.79999996095,4465
6780,116040.69999996087,4473
6790,116249.69999996066,4481
6800,116456.69999996024,4488
6810,116667.19999995994,4495
6820,116882.19999995963,4503
6830,117119.29999995943,4512
6840,117318.1999999593,4520
6850,117565.19999995912,4529
6860,117778.19999995902,4536
6870,117988.59999995865,4544
6880,118137.29999995798,4550
6890,118271.39999995763,4554
6900,118398.09999995751,4559
6910,118676.99999995748,4569
6920,118819.69999995711,4574
6930,118958.09999995718,4580
6940,119097.19999995673,4586
6950,119174.59999995596,4591
6960,119291.09999995574,4597
6970,119568.8999999557,4607
6980,119724.89999995551,4613
6990,119887.09999995546,4619
7000,120065.69999995519,4626
7010,120335.39999995516,4636
7020,120543.49999995482,4645
7030,120757.89999995446,4651
7040,120784.4999999541,4655
7050,120559.09999995433,4655
7060,120584.39999995376,4658
7070,120535.7999999527,4659
7080,120434.19999995216,4659
7090,120363.89999995267,4660
7100,120278.59999995207,4660
7110,120270.79999995152,4663
7120,120272.49999995038,4664
7130,120262.29999994957,4667
7140,120298.39999994899,4670
7150,120362.59999994807,4673
7160,120417.39999994788,4675
7170,120428.79999994741,4677
7180,120490.99999994728,4681
7190,120620.39999994657,4685
7200,120777.3999999462,4692
7210,120873.89999994558,4698
7220,121098.39999994524,4706
7230,121267.59999994466,4710
7240,121375.19999994386,4714
7250,121472.59999994333,4718
7260,121441.59999994328,4720
7270,121621.19999994272,4727
7280,121746.99999994203,4733
7290,121836.69999994164,4738
7300,122018.39999994138,4745
7310,122224.59999994104,4752
7320,122373.59999994028,4756
7330,122410.79999993929,4758
7340,122441.59999993877,4760
7350,122580.99999993818,4765
7360,122705.5999999377,4770
7370,122772.99999993725,4773
7380,122876.89999993677,4777
7390,122980.1999999363,4782
7400,123143.09999993566,4789
7410,123270.79999993519,4793
7420,123345.69999993447,4796
7430,123476.99999993398,4801
7440,123587.59999993324,4805
7450,123645.79999993234,4808
7460,123772.89999993166,4813
7470,123876.49999993095,4818
7480,123920.99999993043,4821
7490,124041.5999999301,4826
7500,124246.39999992968,4833
7510,124367.8999999297,4840
7520,124506.2999999291,4846
7530,124593.89999992854,4850
7540,124758.29999992815,4857
7550,124808.6999999272,4860
7560,125007.69999992689,4867
7570,125150.29999992663,4873
7580,125369.79999992634,4881
7590,125554.59999992582,4887
7600,125708.2999999254,4893
7610,125980.69999992535,4903
7620,126147.69999992527,4910
7630,126297.7999999247,4916
7640,126534.59999992407,4924
7650,126766.4999999238,4932
7660,126848.89999992275,4935
7670,126987.49999992199,4940
7680,127235.09999992166,4947
7690,127319.1999999216,4951
7700,127466.79999992128,4959
7710,127667.0999999215,4967
7720,127844.299999921,4973
7730,128006.89999992114,4981
7740,128254.29999992094,4989
7750,128452.39999992058,4999
7760,128652.59999992019,5006
7770,128858.59999992004,5014
7780,129026.89999991961,5021
7790,129174.79999991892,5027
7800,129310.19999991819,5032
7810,129543.59999991795,5041
7820,129772.39999991747,5048
7830,129915.69999991686,5054
7840,130083.39999991655,5061
7850,130265.89999991606,5067
7860,130424.09999991578,5074
7870,130576.89999991526,5081
7880,130592.99999991426,5083
7890,130754.79999991383,5089
7900,130979.09999991347,5097
7910,131170.09999991313,5104
7920,131374.79999991274,5111
7930,131627.89999991216,5118
7940,131858.5999999118,5126
7950,132037.9999999115,5133
7960,132308.69999991142,5143
7970,132552.19999991122,5153
7980,132734.99999991062,5160
7990,132936.4999999102,5167
8000,133104.19999990924,5173
8010,133280.29999990852,5179
8020,133428.49999990777,5184
8030,133636.09999990737,5192
8040,133844.19999990673,5200
8050,134087.39999990628,5208
8060,134260.09999990548,5215
8070,134420.89999990497,5221
8080,134589.89999990436,5228
8090,134838.49999990413,5237
8100,135074.49999990393,5247
8110,135313.29999990365,5256
8120,135523.1999999032,5264
8130,135771.29999990299,5273
8140,136005.9999999025,5280
8150,136158.39999990186,5286
8160,136337.89999990133,5293
8170,136588.99999990108,5301
8180,136736.09999990035,5307
8190,136947.89999989996,5315
8200,137169.1999998996,5323
8210,137399.09999989916,5331
8220,137597.69999989838,5338
8230,137784.09999989776,5346
8240,137989.69999989725,5353
8250,138109.49999989636,5358
8260,138321.59999989587,5366
8270,138437.09999989482,5370
8280,138637.19999989436,5378
8290,138873.89999989414,5387
8300,139094.99999989386,5396
8310,139333.49999989365,5404
8320,139595.59999989357,5414
8330,139819.6999998932,5422
8340,139950.19999989244,5428
8350,140127.69999989195,5435
8360,139791.1999998902,5436
8370,139327.99999989077,5436
8380,139122.2999998902,5437
8390,139105.3999998888,5438
8400,139128.9999998887,5441
8410,139151.5999998876,5444
8420,139079.99999988635,5444
8430,138971.1999998852,5444
8440,139026.29999988468,5447
8450,138899.09999988377,5448
8460,138958.69999988243,5451
8470,138883.19999988234,5452
8480,138872.79999988183,5453
8490,138872.89999988084,5455
8500,138911.19999988028,5458
8510,138800.29999987886,5458
8520,138742.9999998769,5458
8530,138522.19999987684,5458
8540,138549.099999876,5461
8550,138555.59999987512,5463
8560,138487.4999998741,5464
8570,138454.699999873,5465
8580,138463.19999987233,5467
8590,138359.79999987205,5467
8600,138400.19999987032,5468
8610,138414.49999987008,5471
8620,138522.99999986918,5476
8630,138550.99999986746,5479
8640,138575.69999986616,5481
8650,138675.39999986556,5485
8660,138743.39999986454,5489
8670,138748.3999998632,5491
8680,138815.39999986227,5494
8690,138905.09999986106,5498
8700,138974.69999985985,5500
8710,139024.09999985914,5503
8720,139113.59999985804,5506
8730,139195.9999998567,5510
8740,139211.1999998562,5513
8750,139234.29999985493,5515
8760,139313.19999985443,5520
8770,139473.29999985348,5526
8780,139533.69999985292,5529
8790,139681.79999985205,5535
8800,139754.1999998507,5537
8810,139793.99999984962,5540
8820,139799.29999984775,5543
8830,139832.59999984634,5546
8840,139869.5999998444,5548
8850,139977.9999998434,5553
8860,140064.1999998422,5556
8870,140213.59999984116,5561
8880,140305.39999984007,5565
8890,140382.49999983862,5569
8900,140473.69999983787,5574
8910,140573.99999983684,5578
8920,140674.4999998359,5583
8930,140743.99999983524,5587
8940,140809.09999983376,5588
8950,140947.59999983298,5593
8960,141078.1999998324,5599
8970,141182.79999983156,5604
8980,141252.8999998306,5607
8990,141310.6999998295,5610
9000,141373.8999998279,5612
9010,141495.3999998264,5618
9020,141503.29999982475,5621
9030,141572.8999998238,5624
9040,141659.3999998227,5628
9050,141805.899999822,5634
9060,142037.59999982157,5643
9070,142102.9999998207,5647
9080,142227.59999981933,5652
9090,142393.69999981832,5657
9100,142531.19999981739,5662
9110,142706.9999998172,5668
9120,142861.8999998164,5676
9130,142994.3999998154,5681
9140,143111.49999981446,5686
9150,143305.6999998139,5694
9160,143419.09999981278,5696
9170,143609.69999981226,5704
9180,143831.3999998117,5711
9190,143933.29999981058,5716
9200,144106.39999981,5723
9210,144282.89999980945,5728
9220,144394.9999998084,5733
9230,144613.4999998081,5741
9240,144599.1999998071,5743
9250,144738.29999980627,5749
9260,144866.79999980523,5754
9270,144927.19999980362,5756
9280,144988.39999980223,5759
9290,145184.79999980197,5766
9300,145438.8999998018,5773
9310,145653.5999998012,5782
9320,145822.39999980034,5787
9330,146096.1999998002,5797
9340,146184.0999997992,5801
9350,146365.79999979868,5808
9360,146431.49999979764,5812
9370,146613.8999997971,5818
9380,146816.9999997965,5827
9390,146939.89999979545,5832
9400,147122.29999979495,5839
9410,147204.9999997937,5843
9420,147349.59999979284,5849
9430,147493.79999979198,5856
9440,147597.89999979077,5859
9450,147664.89999978934,5862
9460,147819.59999978822,5868
9470,148020.59999978755,5876
9480,148267.39999978716,5885
9490,148512.1999997868,5893
9500,148725.59999978627,5901
9510,148776.09999978528,5904
9520,148862.0999997842,5908
9530,149028.99999978344,5913
9540,149076.89999978227,5916
9550,149162.69999978127,5920
9560,149345.7999997805,5927
9570,149533.49999977968,5933
9580,149747.39999977913,5941
9590,149738.89999977927,5946
9600,149995.49999977916,5956
9610,150162.49999977864,5962
9620,150266.29999977705,5966
9630,150406.5999997761,5971
9640,150553.09999977527,5977
9650,150610.49999977395,5979
9660,150840.19999977326,5987
9670,151028.1999997729,5995
9680,151285.6999997728,6004
9690,151431.99999977206,6011
9700,151540.29999977167,6017
9710,151629.1999997703,6019
9720,151765.89999976917,6025
9730,151817.09999976787,6029
9740,151905.19999976692,6033
9750,151969.39999976562,6036
9760,152195.9999997653,6044
9770,152267.59999976534,6050
9780,152353.29999976474,6055
9790,152495.59999976397,6060
9800,152516.5999997632,6063
9810,152694.4999997622,6070
9820,152882.9999997617,6077
9830,152964.49999976048,6081
9840,153234.89999976035,6090
9850,153406.99999975952,6097
9860,153647.0999997593,6106
9870,153897.99999975882,6115
9880,154083.99999975815,6123
9890,154250.09999975777,6131
9900,154398.29999975715,6136
9910,154593.1999997565,6144
9920,154650.29999975525,6146
9930,154729.09999975364,6150
9940,154818.29999975237,6153
9950,154866.59999975073,6156
9960,155022.69999974978,6161
9970,155132.39999974865,6165
9980,155333.89999974813,6173
9990,155544.79999974763,6182
10000,155784.4999997474,6191
10010,155949.19999974646,6198
10020,156032.7999997452,6202
10030,156236.59999974482,6210
10040,156409.89999974394,6216
10050,156648.99999974342,6224
10060,156887.99999974287,6232
10070,157045.099999742,6239
10080,157242.3999997416,6246
10090,157434.19999974084,6254
10100,157689.5999997406,6263
10110,157856.39999974,6270
10120,158050.79999973954,6278
10130,158247.49999973882,6285
10140,158487.39999973847,6294
10150,158681.79999973785,6300
10160,158910.29999973712,6308
10170,159138.99999973693,6316
10180,159295.89999973614,6321
10190,159300.5999997345,6322
10200,159412.89999973343,6328
10210,159644.19999973316,6337
10220,159791.29999973226,6344
10230,160000.49999973187,6350
10240,160174.1999997313,6357
10250,160291.79999973017,6361
10260,160465.79999972976,6368
10270,160638.99999972893,6375
10280,160627.39999972685,6376
10290,160732.99999972564,6381
10300,160938.4999997249,6388
10310,161052.9999997238,6392
10320,161275.19999972335,6399
10330,161341.99999972302,6404
10340,161450.099999722,6408
10350,161583.5999997213,6413
10360,161593.2999997193,6415
10370,161659.29999971754,6419
10380,161922.19999971727,6426
10390,162189.6999997168,6435
10400,162385.29999971663,6441
10410,162554.19999971555,6447
10420,162697.69999971476,6451
10430,162905.5999997143,6459
10440,163059.59999971377,6466
10450,163234.69999971328,6472
10460,163346.1999997122,6477
10470,163633.79999971212,6486
10480,163797.1999997115,6492
10490,163727.8999997116,6494
10500,163829.89999971015,6500
10510,163886.29999970886,6504
10520,164051.29999970816,6509
10530,164273.3999997077,6518
10540,164364.39999970674,6522
10550,164487.6999997059,6527
10560,164685.99999970538,6534
10570,164951.99999970512,6543
10580,165100.6999997051,6551
10590,165281.3999997044,6558
10600,165513.69999970414,6567
10610,165775.59999970405,6576
10620,165932.4999997032,6583
10630,166047.8999997022,6589
10640,166229.29999970156,6596
10650,166396.6999997003,6602
10660,166618.0999996996,6609
10670,166842.49999969927,6618
10680,167006.59999969846,6624
10690,167204.29999969777,6632
10700,167336.69999969658,6638
10710,167458.49999969566,6644
10720,167648.19999969506,6651
10730,167745.39999969437,6657
10740,167942.19999969404,6665
10750,168101.49999969325,6671
10760,168305.19999969262,6678
10770,168445.2999996917,6684
10780,168667.9999996914,6692
10790,168847.09999969072,6699
10800,169035.39999968992,6706
10810,169199.59999968935,6713
10820,169376.99999968882,6721
10830,169590.4999996885,6730
10840,169833.59999968807,6738
10850,169928.3999996868,6742
10860,170065.49999968588,6748
10870,170239.0999996854,6755
10880,170410.19999968458,6760
10890,170614.2999996842,6768
10900,170745.09999968362,6773
10910,170826.89999968285,6777
10920,171100.09999968242,6786
10930,171336.599999682,6795
10940,171498.7999996814,6802
10950,171701.79999968086,6810
10960,171913.89999968035,6817
10970,172178.1999996795,6824
10980,172367.69999967888,6831
10990,172535.89999967825,6838
11000,172735.79999967784,6847
11010,172927.69999967708,6855
11020,173087.3999996763,6861
11030,173235.0999996754,6868
11040,173424.49999967494,6875
11050,173544.0999996743,6881
11060,173714.19999967382,6888
11070,173942.09999967355,6897
11080,174110.99999967276,6904
11090,174194.49999967148,6908
11100,174319.9999996703,6914
11110,174411.29999967015,6920
11120,174561.2999996692,6926
11130,174683.399999668,6931
11140,174876.6999996674,6938
11150,175106.49999966696,6946
11160,175327.49999966644,6954
11170,175520.69999966552,6958
11180,175560.39999966396,6961
11190,175743.4999996636,6968
11200,175877.39999966227,6974
11210,176093.99999966173,6982
11220,176217.1999996599,6987
11230,176416.29999965965,6995
11240,176659.39999965957,7005
11250,176888.89999965922,7014
11260,177075.49999965852,7022
11270,177327.29999965843,7031
11280,177518.19999965798,7037
11290,177670.9999996575,7043
11300,177857.19999965708,7052
11310,178065.4999996566,7060
11320,178256.09999965614,7068
11330,178434.09999965565,7074
11340,178691.19999965528,7083
11350,178746.6999996537,7086
11360,178931.69999965304,7093
11370,179140.19999965295,7102
11380,179249.59999965195,7107
11390,179423.59999965123,7114
11400,179620.99999965038,7120
11410,179820.99999964982,7128
11420,179982.29999964923,7134
11430,180112.69999964835,7140
11440,180251.29999964766,7146
11450,180371.69999964675,7150
11460,180603.39999964644,7159
11470,180801.29999964606,7167
11480,181072.89999964603,7176
11490,181372.19999964593,7185
11500,181395.59999964453,7188
11510,181531.29999964344,7194
11520,181747.89999964266,7203
11530,181853.89999964173,7208
11540,182083.1999996412,7216
11550,182258.69999964035,7223
11560,182394.49999963926,7229
11570,182661.19999963918,7239
11580,182852.9999996385,7247
11590,183036.09999963775,7254
11600,183191.59999963708,7260
11610,183386.6999996364,7266
11620,183540.6999996358,7271
11630,183777.99999963536,7279
11640,183956.39999963477,7286
11650,184229.49999963466,7295
11660,184440.09999963435,7302
11670,184610.3999996338,7309
11680,184688.09999963408,7315
11690,184917.79999963343,7323
11700,185053.39999963256,7329
11710,185322.8999996325,7339
11720,185401.39999963096,7344
11730,185450.09999963,7347
11740,185703.9999996298,7356
11750,185916.6999996292,7364
11760,186104.59999962876,7372
11770,186244.29999962778,7377
11780,186343.29999962662,7383
11790,186422.5999996258,7387
11800,186631.79999962528,7394
11810,186851.1999996247,7401
11820,186973.3999996241,7406
11830,187153.49999962328,7413
11840,187349.39999962325,7421
11850,187520.39999962237,7428
11860,187589.09999962055,7432
11870,187694.8999996195,7436
11880,187833.59999961895,7443
11890,188022.89999961853,7451
11900,188242.19999961747,7459
11910,188424.99999961662,7465
11920,188555.99999961568,7471
11930,188721.99999961504,7478
11940,188952.39999961463,7486
11950,189144.39999961475,7494
11960,189400.6999996134,7500
11970,189703.89999961335,7509
11980,190002.3999996128,7517
11990,190199.7999996121,7524
12000,190444.39999961172,7532
12010,190766.39999961143,7541
12020,190967.69999961037,7548
12030,191129.89999960983,7554
12040,191268.19999960894,7559
12050,191425.69999960766,7563
12060,191585.9999996067,7569
12070,191686.5999996051,7574
12080,191748.79999960365,7578
12090,191923.89999960287,7585
12100,192141.69999960254,7593
12110,192408.79999960196,7601
12120,192713.0999996017,7610
12130,192914.99999960078,7617
12140,193157.2999996001,7625
12150,193281.399999599,7630
12160,193409.79999959806,7635
12170,193692.29999959757,7643
12180,193854.79999959684,7649
12190,194069.6999995963,7656
12200,194165.29999959504,7659
12210,194407.6999995943,7667
12220,194619.6999995934,7674
12230,194915.399999593,7683
12240,195186.8999995929,7692
12250,195419.09999959226,7699
12260,195595.8999995914,7705
12270,195765.49999959022,7708
12280,195725.99999958926,7710
12290,195972.4999995886,7716
12300,196163.1999995879,7723
12310,196431.19999958744,7732
12320,196220.3999995867,7732
12330,196154.9999995848,7733
12340,196130.69999958348,7734
12350,196045.79999958194,7736
12360,196057.49999958163,7738
12370,196072.99999958035,7740
12380,195703.99999958114,7740
12390,195612.99999958108,7741
12400,195531.39999958096,7742
12410,195499.1999995786,7742
12420,195498.5999995775,7744
12430,195454.29999957603,7745
12440,195394.4999995744,7746
12450,195413.09999957273,7749
12460,195371.99999957246,7750
12470,195266.6999995723,7751
12480,195307.59999957078,7755
12490,195250.19999956948,7756
12500,195177.5999995695,7758
12510,195202.69999956855,7762
12520,195177.09999956755,7763
12530,195193.89999956515,7765
12540,195164.3999995634,7767
12550,195244.69999956264,7770
12560,195323.6999995617,7774
12570,195330.79999955962,7776
12580,195431.39999955826,7780
12590,195394.79999955517,7780
12600,195411.1999995532,7782
12610,195469.59999955236,7785
12620,195459.79999955086,7786
12630,195390.39999954926,7786
12640,195508.49999954845,7791
12650,195546.49999954802,7794
12660,195575.8999995466,7797
12670,195628.99999954496,7800
12680,195582.39999954324,7801
12690,195577.49999954083,7803
12700,195757.5999995404,7810
12710,195880.4999995392,7814
12720,195925.49999953795,7818
12730,195937.9999995362,7819
12740,196016.39999953465,7823
12750,196128.59999953333,7828
12760,196255.29999953223,7833
12770,196399.19999953097,7839
12780,196478.89999952956,7843
12790,196743.49999952927,7852
12800,197074.09999952896,7862
12810,197383.79999952886,7872
12820,197611.79999952824,7878
12830,197827.899999528,7885
12840,198024.89999952744,7892
12850,198303.9999995269,7901
12860,198574.4999995262,7908
12870,198792.59999952547,7916
12880,198976.39999952444,7922
12890,199182.6999995235,7928
12900,199434.09999952296,7936
12910,199691.19999952242,7943
12920,199785.69999952093,7946
12930,199870.69999951927,7950
12940,200084.9999995185,7957
12950,200235.09999951746,7962
12960,200390.7999995165,7966
12970,200578.59999951613,7973
12980,200720.79999951547,7977
12990,200842.49999951455,7982
13000,200903.399999514,7985
13010,201100.29999951372,7992
13020,201424.1999995133,8001
13030,201680.2999995128,8010
13040,201915.59999951217,8017
13050,202084.49999951117,8023
13060,202442.89999951085,8032
13070,202563.59999951013,8037
13080,202707.99999950905,8042
13090,202929.5999995085,8049
13100,203140.79999950787,8056
13110,203311.19999950682,8062
13120,203590.4999995064,8071
13130,203840.6999995058,8079
13140,204136.09999950536,8087
13150,204351.19999950475,8094
13160,204602.99999950422,8102
13170,204782.7999995029,8107
13180,205005.39999950162,8114
13190,205261.09999950125,8123
13200,205395.49999950037,8128
13210,205677.2999995003,8138
13220,205766.09999949872,8142
13230,205885.1999994973,8147
13240,206188.29999949667,8155
13250,206355.3999994958,8160
13260,206695.89999949568,8170
13270,206910.79999949518,8177
13280,207103.39999949443,8184
13290,207318.39999949394,8191
13300,207406.89999949338,8195
13310,207579.49999949234,8202
13320,207848.2999994919,8211
13330,208068.89999949146,8218
13340,208153.099999491,8223
13350,208313.99999948978,8228
13360,208453.49999948873,8233
13370,208502.9999994875,8236
13380,208570.09999948603,8240
13390,208763.59999948536,8248
13400,208882.99999948445,8254
13410,208857.39999948305,8255
13420,208914.99999948163,8258
13430,209052.69999948057,8263
13440,209221.39999947988,8269
13450,209382.29999947932,8275
13460,209554.29999947877,8283
13470,209681.99999947753,8289
13480,209836.29999947693,8296
13490,209864.29999947606,8300
13500,210076.59999947564,8306
13510,210204.59999947413,8311
13520,210313.29999947315,8315
13530,210492.29999947248,8323
13540,210689.49999947211,8331
13550,210880.69999947152,8337
13560,211146.2999994711,8345
13570,211384.29999947007,8351
13580,211537.59999946976,8357
13590,211814.49999946903,8363
13600,212036.59999946822,8370
13610,212202.5999994671,8376
13620,212454.89999946643,8384
13630,212672.1999994659,8390
13640,212819.39999946457,8395
13650,212929.29999946343,8400
13660,213230.99999946303,8408
13670,213387.89999946204,8414
13680,213540.09999946086,8419
13690,213746.89999946,8425
13700,214044.2999994595,8433
13710,214172.09999945853,8437
13720,214360.79999945738,8443
13730,214607.79999945682,8451
13740,214810.09999945626,8458
13750,215061.59999945536,8464
13760,215365.499999455,8474
13770,215589.49999945442,8482
13780,215824.99999945398,8490
13790,216006.39999945307,8496
13800,216214.99999945227,8503
13810,216574.5999994519,8513
13820,216774.79999945106,8520
13830,216983.29999945033,8528
13840,217076.0999994488,8532
13850,217294.099999447,8539
13860,217534.9999994462,8547
13870,217776.99999944572,8555
13880,217847.39999944463,8559
13890,218029.2999994442,8566
13900,218362.69999944343,8575
13910,218636.6999994425,8582
13920,218852.99999944147,8589
13930,219041.29999944023,8595
13940,219370.09999943976,8604
13950,219623.19999943912,8612
13960,219853.49999943862,8619
13970,220059.5999994376,8626
13980,220412.19999943755,8636
13990,220776.89999943707,8644
14000,220977.99999943608,8651
14010,221374.19999943598,8661
14020,221628.49999943562,8670
14030,221750.99999943396,8674
14040,221943.29999943363,8682
14050,222197.6999994332,8690
14060,222421.29999943252,8697
14070,222538.99999943166,8702
14080,222791.29999943145,8711
14090,223050.79999943086,8719
14100,223339.19999943065,8728
14110,223588.2999994296,8735
14120,223748.49999942846,8740
14130,223787.09999942683,8743
14140,223924.69999942588,8748
14150,224055.7999994249,8752
14160,224266.99999942447,8760
14170,224422.39999942362,8766
14180,224575.399999422,8772
14190,224823.8999994216,8780
14200,225008.8999994213,8787
14210,225203.69999942018,8795
14220,225459.8999994194,8802
14230,225712.89999941908,8811
14240,225863.19999941837,8817
14250,226056.89999941763,8823
14260,226199.99999941656,8828
14270,226389.19999941558,8834
14280,226696.0999994153,8843
14290,226899.799999415,8850
14300,227303.69999941488,8860
14310,227488.19999941456,8866
14320,227665.5999994138,8873
14330,227880.499999413,8879
14340,228002.19999941162,8884
14350,228264.49999941114,8891
14360,228354.99999940972,8896
14370,228581.8999994088,8902
14380,228743.99999940794,8909
14390,228883.0999994064,8914
14400,228951.49999940468,8917
14410,229101.99999940387,8923
14420,229182.99999940285,8927
14430,229390.29999940257,8934
14440,229623.59999940192,8941
14450,229922.99999940142,8950
14460,230204.39999940136,8960
14470,230449.19999940097,8969
14480,230736.09999940053,8978
14490,231155.39999940037,8988
14500,231447.09999940023,8998
14510,231608.49999939962,9004
14520,231870.59999939904,9011
14530,232095.0999993991,9017
14540,232317.89999939848,9024
14550,232566.29999939786,9032
14560,232896.1999993978,9042
14570,233145.29999939742,9051
14580,233314.89999939618,9057
14590,233553.5999993957,9066
14600,233746.4999993954,9073
14610,233966.9999993946,9080
14620,234229.19999939395,9087
14630,234348.4999993936,9092
14640,234578.2999993928,9099
14650,234728.69999939238,9104
14660,234934.7999993916,9111
14670,235192.19999939104,9119
14680,235406.99999939036,9127
14690,235630.19999938988,9134
14700,235905.9999993898,9141
14710,236207.19999938903,9149
14720,236476.2999993887,9158
14730,236612.69999938714,9162
14740,236803.799999387,9169
14750,236903.79999938555,9174
14760,237117.19999938516,9181
14770,237356.39999938468,9189
14780,237573.39999938427,9197
14790,237774.69999938374,9205
14800,237968.6999993832,9214
14810,238137.29999938232,9220
14820,238310.89999938145,9228
14830,238417.89999938034,9232
14840,238539.399999379,9238
14850,238789.39999937845,9245
14860,238963.0999993781,9252
14870,239142.4999993775,9258
14880,239443.5999993773,9266
14890,239725.99999937706,9276
14900,239959.49999937657,9284
14910,240111.7999993759,9290
14920,240458.9999993758,9300
14930,240549.09999937564,9305
14940,240597.49999937465,9308
14950,240725.69999937396,9312
14960,240796.39999937345,9317
14970,241031.49999937293,9324
14980,241185.5999993724,9330
14990,241328.99999937168,9336
15000,241580.89999937091,9343
15010,241787.99999936958,9351
15020,241992.29999936873,9358
15030,242203.99999936746,9365
15040,242412.1999993668,9372
15050,242666.89999936646,9380
15060,242902.69999936593,9387
15070,243204.9999993655,9396
15080,243448.69999936485,9404
15090,243765.19999936438,9413
15100,244046.09999936388,9422
15110,244205.89999936282,9428
15120,244466.59999936214,9435
15130,244740.7999993619,9444
15140,245007.09999936147,9452
15150,245274.99999936114,9460
15160,245589.1999993607,9468
15170,245958.5999993606,9478
15180,246041.0999993611,9482
15190,246378.59999936062,9490
15200,246575.79999935985,9497
15210,246637.59999935864,9502
15220,246710.0999993582,9508
15230,246948.5999993577,9516
15240,247109.2999993572,9522
15250,247225.09999935573,9527
15260,247437.19999935495,9534
15270,247627.6999993544,9541
15280,247856.19999935335,9547
15290,248031.59999935282,9553
15300,248105.69999935123,9557
15310,248322.1999993509,9565
15320,248538.89999935016,9569
15330,248764.29999934972,9576
15340,248943.59999934878,9582
15350,249232.09999934872,9592
15360,249386.79999934818,9598
15370,249638.0999993477,9607
15380,249785.79999934713,9612
15390,250023.09999934654,9620
15400,250142.79999934524,9624
15410,250411.89999934428,9631
15420,250702.7999993435,9639
15430,250962.99999934307,9647
15440,251166.09999934238,9655
15450,251360.99999934222,9663
15460,251664.59999934165,9672
15470,251905.99999934155,9681
15480,252060.6999993409,9688
15490,252279.99999934045,9695
15500,252506.8999993399,9704
15510,252729.49999933905,9710
15520,252981.79999933866,9719
15530,253301.19999933857,9729
15540,253465.8999993384,9736
15550,253475.8999993369,9738
15560,253409.5999993356,9738
15570,253333.599999334,9738
15580,253402.699999333,9740
15590,253492.19999933164,9745
15600,253529.3999993315,9747
15610,253651.59999933065,9752
15620,253936.69999933042,9761
15630,254071.9999993296,9766
15640,254174.79999932906,9770
15650,254252.0999993286,9775
15660,254447.09999932768,9781
15670,254695.09999932704,9789
15680,254906.0999993269,9797
15690,255121.0999993263,9804
15700,255287.19999932562,9810
15710,255454.39999932484,9816
15720,255578.79999932443,9820
15730,255809.09999932372,9827
15740,256077.6999993234,9836
15750,256342.59999932308,9844
15760,256569.39999932257,9852
15770,256917.49999932217,9862
15780,257123.5999993216,9869
15790,257442.7999993215,9879
15800,257690.89999932068,9886
15810,257859.9999993198,9892
15820,258165.09999931976,9902
15830,258389.39999931928,9910
15840,258549.3999993182,9916
15850,258921.7999993179,9924
15860,259173.99999931725,9931
15870,259451.699999317,9941
15880,259674.9999993158,9945
15890,259860.09999931479,9951
15900,260058.99999931414,9958
15910,260210.8999993127,9961
15920,260551.09999931246,9969
15930,260715.19999931147,9975
15940,260950.5999993098,9980
15950,261196.39999930878,9987
15960,261368.69999930807,9993
15970,261737.799999308,10003
15980,262061.79999930816,10013
15990,262293.5999993086,10021
16000,262547.1999993096,10029
16010,262862.19999930897,10039
16020,263079.79999930906,10047
16030,263314.69999930967,10055
16040,263490.79999931064,10060
16050,263632.099999314,10064
16060,263879.8999993157,10072
16070,264131.29999931704,10080
16080,264388.0999993186,10088
16090,264586.09999932104,10093
16100,264745.79999932204,10100
16110,264952.09999932244,10109
16120,265018.6999993249,10112
16130,265251.2999993256,10120
16140,265456.2999993263,10130
16150,265756.19999932655,10140
16160,266038.9999993268,10148
16170,266233.79999932786,10156
16180,266460.59999932785,10163
16190,266735.7999993294,10171
16200,266855.4999993304,10176
16210,267125.69999933057,10186
16220,267340.599999331,10194
16230,267576.8999993313,10204
16240,267675.6999993318,10209
16250,267823.1999993341,10214
16260,267898.29999933764,10218
16270,268116.59999933955,10226
16280,268365.6999993407,10235
16290,268553.0999993414,10241
16300,268756.19999934285,10249
16310,268966.5999993442,10256
16320,269134.89999934536,10261
16330,269272.3999993442,10267
16340,269475.29999934434,10273
16350,269868.39999934536,10283
16360,270142.4999993448,10292
16370,270402.29999934585,10300
16380,270659.8999993492,10305
16390,270946.29999935,10314
16400,271233.0999993503,10323
16410,271464.99999935186,10331
16420,271726.7999993529,10339
16430,271925.1999993534,10346
16440,272130.79999935586,10353
16450,272315.29999935796,10359
16460,272652.6999993584,10368
16470,272881.0999993611,10375
16480,273075.9999993607,10382
16490,273207.2999993618,10387
16500,273434.2999993626,10395
16510,273681.3999993643,10404
16520,273876.89999936504,10411
16530,274151.79999936646,10417
16540,274362.2999993695,10422
16550,274581.1999993707,10430
16560,274883.3999993705,10439
16570,275220.3999993704,10448
16580,275487.19999937067,10457
16590,275775.59999937157,10466
16600,276037.5999993724,10474
16610,276315.1999993726,10481
16620,276546.49999937357,10488
16630,276837.4999993745,10497
16640,277169.39999937586,10506
16650,277436.09999937675,10515
16660,277614.6999993768,10521
16670,277863.09999937797,10530
16680,278072.59999938,10537
16690,278311.49999938207,10547
16700,278475.7999993839,10553
16710,278659.49999938626,10559
16720,278794.4999993871,10565
16730,278989.29999938747,10571
16740,279116.6999993891,10577
16750,279431.09999938955,10586
16760,279653.7999993894,10593
16770,279916.5999993897,10602
16780,280099.5999993903,10610
16790,280463.6999993907,10620
16800,280661.3999993929,10626
16810,280874.8999993928,10632
16820,281245.6999993937,10641
16830,281444.29999939527,10648
16840,281605.39999939606,10655
16850,281834.19999939617,10663
16860,282033.1999993953,10671
16870,282317.49999939546,10681
16880,282499.09999939625,10688
16890,282691.1999993973,10695
16900,282870.6999993971,10700
16910,283025.09999939904,10706
16920,283222.39999939816,10713
16930,283355.1999993972,10717
16940,283538.5999993983,10725
16950,283787.0999993985,10733
16960,283952.49999939866,10739
16970,284125.99999940104,10745
16980,284319.8999994058,10751
16990,284593.7999994067,10759
17000,284912.1999994065,10767
17010,285209.99999940704,10776
17020,285470.9999994068,10785
17030,285666.29999940813,10792
17040,285838.5999994095,10797
17050,286021.8999994124,10801
17060,286314.1999994138,10809
17070,286589.5999994151,10815
17080,286863.6999994174,10822
17090,287034.4999994172,10828
17100,287246.29999941756,10834
17110,287607.8999994178,10843
17120,287876.5999994188,10852
17130,288003.89999942225,10853
17140,288242.19999942236,10860
17150,288515.09999942256,10869
17160,288513.7999994222,10873
17170,288775.09999942326,10879
17180,289064.99999942374,10889
17190,289155.7999994238,10894
17200,289433.9999994252,10902
17210,289656.6999994269,10909
17220,289969.899999427,10919
17230,290224.7999994272,10927
17240,290497.3999994281,10936
17250,290744.1999994297,10943
17260,291043.99999943044,10952
17270,291280.99999943184,10960
17280,291589.6999994342,10968
17290,291752.3999994371,10974
17300,292082.8999994376,10984
17310,292334.59999943903,10990
17320,292585.3999994399,10998
17330,292639.5999994444,11001
17340,292788.89999944717,11005
17350,292899.1999994476,11010
17360,292994.7999994487,11015
17370,293240.49999944965,11024
17380,293443.59999945073,11031
17390,293673.2999994533,11037
17400,293801.79999945714,11043
17410,294057.49999945983,11050
17420,294262.4999994621,11055
17430,294466.79999946326,11064
17440,294620.1999994655,11068
17450,294909.79999946646,11077
17460,295117.9999994698,11082
17470,295350.0999994717,11090
17480,295678.7999994724,11097
17490,295887.7999994739,11104
17500,296089.69999947626,11112
17510,296277.69999947917,11118
17520,296520.09999948146,11125
17530,296717.89999948355,11132
17540,296898.59999948496,11139
17550,297120.79999948665,11147
17560,297322.2999994891,11154
17570,297436.79999949055,11159
17580,297608.89999949245,11164
17590,297926.29999949335,11173
17600,298185.49999949423,11182
17610,298370.0999994957,11189
17620,298526.29999949865,11195
17630,298805.4999994995,11204
17640,299057.39999950014,11213
17650,299340.99999950064,11223
17660,299538.0999995021,11231
17670,299608.5999995049,11234
17680,299780.29999950685,11241
17690,299969.99999950913,11248
17700,300192.39999950957,11256
17710,300261.3999995118,11260
17720,300438.1999995136,11266
17730,300585.9999995158,11271
17740,300786.2999995171,11278
17750,300936.8999995195,11284
17760,301172.4999995204,11293
17770,301396.9999995217,11299
17780,301575.99999952194,11307
17790,301721.19999952486,11312
17800,301860.99999952683,11317
17810,302057.89999952924,11323
17820,302326.0999995299,11330
17830,302555.999999532,11336
17840,302887.39999953256,11345
17850,303164.09999953414,11351
17860,303406.7999995343,11359
17870,303519.99999953795,11363
17880,303749.0999995381,11370
17890,304020.49999953876,11379
17900,304134.49999953876,11385
17910,304366.0999995393,11393
17920,304639.5999995402,11402
17930,304895.59999953996,11411
17940,305115.5999995387,11419
17950,305447.19999953883,11429
17960,305719.9999995389,11437
17970,305974.59999953926,11446
17980,306246.7999995399,11456
17990,306486.9999995417,11463
18000,306741.1999995419,11472
18010,306779.5999995424,11476
18020,307055.199999543,11484
18030,307303.99999954464,11489
18040,307484.79999954597,11493
18050,307754.59999954683,11501
18060,307974.3999995462,11507
18070,308274.1999995471,11516
18080,308542.7999995477,11524
18090,308824.09999954764,11533
18100,309073.4999995488,11541
18110,309261.2999995505,11548
18120,309551.9999995507,11558
18130,309762.5999995533,11565
18140,310050.69999955443,11573
18150,310169.499999555,11578
18160,310374.99999955687,11585
18170,310643.3999995579,11593
18180,310882.69999955856,11601
18190,311095.9999995595,11609
18200,311284.0999995602,11616
18210,311614.89999955974,11623
18220,311717.79999956186,11628
18230,311983.9999995627,11636
18240,312260.9999995629,11644
18250,312491.29999956366,11652
18260,312702.7999995647,11659
18270,312917.0999995649,11668
18280,313089.3999995656,11676
18290,313397.7999995664,11685
18300,313620.0999995672,11693
18310,313810.9999995677,11701
18320,313908.0999995701,11706
18330,314174.19999957085,11716
18340,314348.19999957085,11722
18350,314500.2999995735,11727
18360,314795.699999574,11736
18370,315059.79999957414,11746
18380,315279.5999995742,11754
18390,315485.29999957397,11762
18400,315737.8999995749,11770
18410,315956.5999995759,11778
18420,316215.299999577,11786
18430,316429.9999995771,11794
18440,316647.9999995778,11801
18450,316825.4999995789,11808
18460,317048.0999995796,11815
18470,317299.8999995811,11823
18480,317516.4999995811,11829
18490,317723.19999958255,11837
18500,318024.09999958344,11846
18510,318305.8999995845,11855
18520,318534.1999995841,11863
18530,318708.8999995862,11869
18540,318932.09999958565,11877
18550,319120.49999958655,11884
18560,319400.29999958706,11893
18570,319760.4999995872,11902
18580,319933.5999995875,11909
18590,320263.1999995873,11917
18600,320305.09999958787,11920
18610,320232.79999958846,11921
18620,320094.7999995865,11921
18630,320015.29999958706,11921
18640,319957.4999995886,11923
18650,319954.9999995891,11925
18660,319852.1999995888,11926
18670,319790.89999959205,11926
18680,319738.49999959755,11927
18690,319524.69999959925,11928
18700,319556.29999960173,11930
18710,319556.4999996032,11932
18720,319525.49999960506,11934
18730,319530.09999961,11935
18740,319609.9999996158,11937
18750,319536.49999961694,11939
18760,319553.7999996188,11943
18770,319487.4999996207,11946
18780,319569.19999962195,11951
18790,319726.09999962326,11955
18800,319740.1999996238,11958
18810,319889.69999962614,11963
18820,320015.8999996272,11968
18830,320018.3999996287,11971
18840,320104.9999996306,11977
18850,320316.3999996331,11983
18860,320401.09999963676,11986
18870,320449.1999996392,11989
18880,320368.1999996391,11990
18890,320494.09999964095,11995
18900,320594.99999964394,11999
18910,320664.59999964555,12003
18920,320781.1999996464,12009
18930,320839.8999996467,12013
18940,320937.699999649,12018
18950,321035.69999965216,12023
18960,321241.5999996529,12030
18970,321396.09999965364,12035
18980,321462.0999996564,12039
18990,321635.79999965837,12046
19000,321792.59999965987,12055
19010,321881.1999996619,12060
19020,321984.59999966616,12064
19030,322092.19999966916,12069
19040,322234.49999967223,12073
19050,322332.3999996756,12077
19060,322417.39999967883,12080
19070,322555.39999967976,12086
19080,322701.39999968145,12091
19090,322700.29999968363,12092
19100,322678.09999968327,12094
19110,322670.99999968347,12097
19120,322828.79999968543,12104
19130,322858.9999996846,12107
19140,322926.2999996866,12110
19150,323117.89999968937,12116
19160,323209.9999996903,12120
19170,323317.599999693,12125
19180,323418.3999996957,12130
19190,323519.3999996994,12134
19200,323635.8999997035,12138
19210,323757.3999997078,12143
19220,323829.99999971234,12144
19230,324022.1999997157,12151
19240,324224.4999997187,12158
19250,324373.5999997195,12164
19260,324593.4999997202,12171
19270,324836.49999972107,12178
19280,325164.6999997207,12187
19290,325354.69999972265,12196
19300,325444.1999997235,12201
19310,325660.29999972385,12206
19320,325832.1999997258,12212
19330,326094.69999972614,12219
19340,326360.599999727,12228
19350,326572.2999997278,12236
19360,326759.9999997283,12243
19370,326894.6999997282,12248
19380,327042.79999972804,12254
19390,327176.2999997289,12260
19400,327333.49999973003,12266
19410,327533.2999997311,12273
19420,327783.39999973075,12280
19430,327904.19999973243,12285
19440,328050.4999997342,12289
19450,328315.69999973517,12297
19460,328514.99999973644,12303
19470,328726.49999973783,12309
19480,328936.1999997396,12316
19490,329065.99999974057,12322
19500,328687.79999974236,12322
19510,328462.2999997445,12322
19520,328332.59999974637,12322
19530,328267.09999974654,12322
19540,328212.29999974795,12323
19550,328244.89999974996,12326
19560,328382.4999997517,12328
19570,328590.8999997539,12333
19580,328594.9999997558,12335
19590,328707.79999975883,12339
19600,328810.8999997607,12342
19610,328959.5999997629,12347
19620,329115.1999997633,12352
19630,329246.2999997653,12357
19640,329299.79999976454,12360
19650,329347.2999997654,12363
19660,329505.39999976684,12369
19670,329563.5999997675,12372
19680,329569.79999977,12375
19690,329711.59999977326,12381
19700,329729.9999997753,12383
19710,329728.5999997766,12386
19720,329789.5999997784,12390
19730,329881.09999978193,12394
19740,329871.2999997851,12396
19750,329917.79999978753,12399
19760,329993.19999979064,12404
19770,330125.5999997928,12409
19780,330260.3999997953,12417
19790,330323.0999997974,12420
19800,330334.2999998024,12423
19810,330427.9999998025,12425
19820,330403.8999998034,12427
19830,330246.39999980404,12428
19840,330119.1999998066,12428
19850,330048.0999998051,12430
19860,330010.69999980374,12431
19870,329935.3999998028,12432
19880,329859.5999998067,12434
19890,329764.09999980906,12435
19900,329635.8999998074,12436
19910,329599.89999981143,12437
19920,329627.1999998134,12440
19930,329614.4999998171,12441
19940,329627.3999998186,12444
19950,329723.69999981986,12448
19960,329810.0999998211,12452
19970,329894.2999998223,12455
19980,329929.0999998251,12459
19990,330004.2999998255,12464
20000,330082.89999982645,12469
