0,0,0,0
10,0,0,0
20,0,0,0
30,0,0,0
40,0.6818183958530457,6.0,-5.318181604146955
50,6.4902089983224975,13.0,-6.5097910016775025
60,6.4902089983224975,13.0,-6.5097910016775025
70,6.4902089983224975,13.0,-6.5097910016775025
80,-16.52650076150894,3.4108056426048194,-19.937306404113762
90,-34.23109897971155,-12.367551743984242,-21.863547235727303
100,-37.90434972941877,-14.285385206341761,-23.618964523077004
110,-37.90434972941877,-14.285385206341761,-23.618964523077004
120,-37.90434972941877,-14.285385206341761,-23.618964523077004
130,-42.40063045918943,-7.285385206341761,-35.115245252847664
140,-30.739616379141825,-8.104327365756056,-22.635289013385766
150,-30.739616379141825,-8.104327365756056,-22.635289013385766
160,-30.739616379141825,-8.104327365756056,-22.635289013385766
170,-30.739616379141825,-8.104327365756056,-22.635289013385766
180,-39.38855718076231,-2.2206468880176757,-37.16791029274463
190,-32.943364903330824,-1.6756862550974176,-31.267678648233403
200,-13.828831747174277,4.788409337401362,-18.61724108457564
210,-13.828831747174277,4.788409337401362,-18.61724108457564
220,-13.828831747174277,4.788409337401362,-18.61724108457564
230,-21.777831539511684,3.394281342625592,-25.17211288213728
240,-7.973574653267864,9.354285404086088,-17.32786005735396
250,-7.973574653267864,9.354285404086088,-17.32786005735396
260,-7.973574653267864,9.354285404086088,-17.32786005735396
270,-9.284107133746154,10.354285404086088,-19.63839253783225
280,-6.211189195513734,20.354285404086088,-26.565474599599824
290,15.535909110680215,21.10138371028004,-5.565474599599824
300,15.535909110680215,21.10138371028004,-5.565474599599824
310,15.535909110680215,21.10138371028004,-5.565474599599824
320,11.855551304295645,21.130414934828856,-9.274863630533208
330,-2.758568709716209,15.25669834949074,-18.01526705920695
340,-2.758568709716209,15.25669834949074,-18.01526705920695
350,-2.758568709716209,15.25669834949074,-18.01526705920695
360,-2.758568709716209,15.25669834949074,-18.01526705920695
370,-12.301583623513578,25.25669834949074,-37.55828197300432
380,-14.376629872247584,28.19959607906637,-42.576225951313965
390,-14.376629872247584,28.19959607906637,-42.576225951313965
400,-14.376629872247584,28.19959607906637,-42.576225951313965
410,-22.209554595872774,24.936625482514472,-47.14618007838725
420,-23.793036861345186,34.93662548251447,-58.72966234385967
430,0.20696313865481386,37.93662548251447,-37.72966234385967
440,0.20696313865481386,37.93662548251447,-37.72966234385967
450,0.20696313865481386,37.93662548251447,-37.72966234385967
460,-12.281437853351251,33.979892080649705,-46.26132993400097
470,-11.019904080778389,31.7047930769622,-42.72469715774059
480,-2.240721227601199,30.48397593013939,-32.72469715774059
490,-2.240721227601199,30.48397593013939,-32.72469715774059
500,-2.240721227601199,30.48397593013939,-32.72469715774059
510,-7.302014799788603,34.35022620670495,-41.65224100649355
520,-1.4179135430604268,38.28334948234258,-39.701263025403
530,-1.4179135430604268,38.28334948234258,-39.701263025403
540,-1.4179135430604268,38.28334948234258,-39.701263025403
550,-6.797791438177239,41.46722778491674,-48.26501922309397
560,-6.373325990512976,41.696200964972356,-48.06952695548533
570,-6.373325990512976,41.696200964972356,-48.06952695548533
580,-6.373325990512976,41.696200964972356,-48.06952695548533
590,-6.373325990512976,41.696200964972356,-48.06952695548533
600,-11.492013620212687,48.696200964972356,-60.188214585185044
610,20.68809200637041,56.696200964972356,-36.008108958601944
620,20.68809200637041,56.696200964972356,-36.008108958601944
630,20.68809200637041,56.696200964972356,-36.008108958601944
640,16.03802640549837,54.532891957089284,-38.49486555159091
650,6.012436373159275,60.24585175327955,-54.23341538012026
660,26.93524704687296,59.83001649193464,-32.89476944506167
670,26.93524704687296,59.83001649193464,-32.89476944506167
680,26.93524704687296,59.83001649193464,-32.89476944506167
690,20.481024784967293,59.9586023967713,-39.477577611804
700,25.442877529188983,65.9586023967713,-40.515724867582314
710,25.442877529188983,65.9586023967713,-40.515724867582314
720,25.442877529188983,65.9586023967713,-40.515724867582314
730,25.442877529188983,65.9586023967713,-40.515724867582314
740,25.442877529188983,65.9586023967713,-40.515724867582314
750,22.868477640673515,67.9586023967713,-45.09012475609779
760,18.10249247960746,77.9586023967713,-59.856109917163835
770,44.10249247960746,81.9586023967713,-37.856109917163835
780,44.10249247960746,81.9586023967713,-37.856109917163835
790,44.10249247960746,81.9586023967713,-37.856109917163835
800,36.12894739024341,86.51760220341383,-50.38865481317042
810,62.25160948745906,89.64026430062948,-27.38865481317042
820,62.25160948745906,89.64026430062948,-27.38865481317042
830,62.25160948745906,89.64026430062948,-27.38865481317042
840,61.45650313980877,94.60020095296203,-33.14369781315326
850,72.22213168628514,97.60020095296203,-25.37806926667689
860,72.22213168628514,97.60020095296203,-25.37806926667689
870,72.22213168628514,97.60020095296203,-25.37806926667689
880,69.34927669353783,102.01069534011184,-32.661418646574
890,64.20438601262867,105.14752024598418,-40.94313423335551
900,64.20438601262867,105.14752024598418,-40.94313423335551
910,64.20438601262867,105.14752024598418,-40.94313423335551
920,63.88306279294193,111.0170413237065,-47.133978530764566
930,65.79182131402194,114.0170413237065,-48.22522000968455
940,65.79182131402194,114.0170413237065,-48.22522000968455
950,65.79182131402194,114.0170413237065,-48.22522000968455
960,60.807944489642985,116.0170413237065,-55.20909683406351
970,66.81412751786411,126.0170413237065,-59.202913805842385
980,78.08724783174694,128.0170413237065,-49.92979349195956
990,78.08724783174694,128.0170413237065,-49.92979349195956
1000,78.08724783174694,128.0170413237065,-49.92979349195956
1010,73.64868925325572,132.0170413237065,-58.368352070450776
1020,88.06798821501434,137.97789259068668,-49.909904375672326
1030,99.06798821501434,138.97789259068668,-39.909904375672326
1040,99.06798821501434,138.97789259068668,-39.909904375672326
1050,97.62278693728149,139.97789259068668,-42.355105653405175
1060,102.68888293020427,141.59952866844833,-38.91064573824404
1070,102.68888293020427,141.59952866844833,-38.91064573824404
1080,102.68888293020427,141.59952866844833,-38.91064573824404
1090,102.68888293020427,141.59952866844833,-38.91064573824404
1100,79.05426910333335,131.23001153580844,-52.17574243247508
1110,101.38359041325748,134.23001153580844,-32.84642112255096
1120,101.38359041325748,134.23001153580844,-32.84642112255096
1130,101.38359041325748,134.23001153580844,-32.84642112255096
1140,93.92959485389292,139.1800877545029,-45.250492900609956
1150,106.79907464422286,138.04956754483283,-31.250492900609956
1160,106.79907464422286,138.04956754483283,-31.250492900609956
1170,106.79907464422286,138.04956754483283,-31.250492900609956
1180,96.3726990763098,140.52449231781065,-44.15179324150084
1190,108.82747660018504,148.52449231781065,-39.697015717625604
1200,108.82747660018504,148.52449231781065,-39.697015717625604
1210,108.82747660018504,148.52449231781065,-39.697015717625604
1220,108.82747660018504,148.52449231781065,-39.697015717625604
1230,102.28080383874476,155.52449231781065,-53.24368847906588
1240,126.49917880631983,162.52449231781065,-36.02531351149081
1250,126.49917880631983,162.52449231781065,-36.02531351149081
1260,126.49917880631983,162.52449231781065,-36.02531351149081
1270,123.74690766073763,167.52449231781065,-43.77758465707301
1280,138.6188539583236,172.4065917301923,-33.7877377718687
1290,138.6188539583236,172.4065917301923,-33.7877377718687
1300,138.6188539583236,172.4065917301923,-33.7877377718687
1310,134.25889235921204,170.41091333515942,-36.152020975947366
1320,130.79605429805815,176.4547251034528,-45.658670805394635
1330,132.7363992203027,179.4547251034528,-46.718325883150094
1340,132.7363992203027,179.4547251034528,-46.718325883150094
1350,132.7363992203027,179.4547251034528,-46.718325883150094
1360,121.26092915819027,178.75733563886024,-57.49640648066997
1370,128.7842933954671,176.05444493610412,-47.270151540637016
1380,128.7842933954671,176.05444493610412,-47.270151540637016
1390,128.7842933954671,176.05444493610412,-47.270151540637016
1400,120.72151954192668,178.4679501922801,-57.74643065035343
1410,125.67671100702137,182.34427845384926,-56.66756744682789
1420,125.67671100702137,182.34427845384926,-56.66756744682789
1430,125.67671100702137,182.34427845384926,-56.66756744682789
1440,125.67671100702137,182.34427845384926,-56.66756744682789
1450,120.24062572326511,190.34427845384926,-70.10365273058414
1460,135.55736069288105,194.34427845384926,-58.78691776096821
1470,135.55736069288105,194.34427845384926,-58.78691776096821
1480,135.55736069288105,194.34427845384926,-58.78691776096821
1490,129.56952023413032,199.49828968849033,-69.92876945436001
1500,144.82931958790869,201.45824878569692,-56.62892919778824
1510,144.82931958790869,201.45824878569692,-56.62892919778824
1520,144.82931958790869,201.45824878569692,-56.62892919778824
1530,136.5069202547893,202.18106322642416,-65.67414297163486
1540,146.4966493314132,202.77260918077081,-56.275959849357605
1550,146.4966493314132,202.77260918077081,-56.275959849357605
1560,146.4966493314132,202.77260918077081,-56.275959849357605
1570,141.1038368260488,208.77260918077081,-67.66877235472204
1580,169.1046132063493,214.5590041493997,-45.4543909430504
1590,169.1046132063493,214.5590041493997,-45.4543909430504
1600,169.1046132063493,214.5590041493997,-45.4543909430504
1610,169.1046132063493,214.5590041493997,-45.4543909430504
1620,159.01638477202505,217.8421440636739,-58.825759291648865
1630,184.95483898278326,224.8421440636739,-39.88730508089065
1640,184.95483898278326,224.8421440636739,-39.88730508089065
1650,184.95483898278326,224.8421440636739,-39.88730508089065
1660,178.35579927172512,230.05657850112766,-51.700779229402535
1670,182.484563565813,233.76452752109617,-51.27996395528315
1680,182.484563565813,233.76452752109617,-51.27996395528315
1690,182.484563565813,233.76452752109617,-51.27996395528315
1700,173.4822456492111,230.80426077079028,-57.322015121579156
1710,169.37242743652314,225.5434760628268,-56.17104862630366
1720,168.1239549247548,227.5434760628268,-59.419521138072
1730,168.1239549247548,227.5434760628268,-59.419521138072
1740,168.1239549247548,227.5434760628268,-59.419521138072
1750,163.19569745939225,232.5434760628268,-69.34777860343455
1760,175.69881542306393,236.24128452222794,-60.542469099163995
1770,175.69881542306393,236.24128452222794,-60.542469099163995
1780,175.69881542306393,236.24128452222794,-60.542469099163995
1790,174.2415034500882,242.20128612499684,-67.95978267490861
1800,169.64947290997952,244.06639051716775,-74.4169176071882
1810,169.64947290997952,244.06639051716775,-74.4169176071882
1820,169.64947290997952,244.06639051716775,-74.4169176071882
1830,171.74930003564805,249.8754313616082,-78.12613132596013
1840,167.112161221914,251.77994574885815,-84.66778452694413
1850,167.112161221914,251.77994574885815,-84.66778452694413
1860,167.112161221914,251.77994574885815,-84.66778452694413
1870,154.88434683065861,250.7916895924136,-95.90734276175496
1880,167.32016501110047,252.48343883734196,-85.16327382624146
1890,167.32016501110047,252.48343883734196,-85.16327382624146
1900,167.32016501110047,252.48343883734196,-85.16327382624146
1910,147.78704595845193,241.619513544254,-93.83246758580205
1920,129.3929291246459,231.85126418154687,-102.45833505690095
1930,129.3929291246459,231.85126418154687,-102.45833505690095
1940,129.3929291246459,231.85126418154687,-102.45833505690095
1950,125.84887154679745,234.85126418154687,-109.00239263474938
1960,130.59789590071887,241.12535212468356,-110.52745622396466
1970,128.6543086869642,240.2623840821907,-111.60807539522645
1980,128.6543086869642,240.2623840821907,-111.60807539522645
1990,128.6543086869642,240.2623840821907,-111.60807539522645
2000,123.61238957475871,249.2623840821907,-125.64999450743196
2010,149.25581883918494,250.90581334661692,-101.64999450743196
2020,149.25581883918494,250.90581334661692,-101.64999450743196
2030,149.25581883918494,250.90581334661692,-101.64999450743196
2040,140.59509868145688,252.88178121269448,-112.28668253123757
2050,147.88148987008026,246.95411687804153,-99.07262700796124
2060,147.88148987008026,246.95411687804153,-99.07262700796124
2070,147.88148987008026,246.95411687804153,-99.07262700796124
2080,143.04279894841602,252.95411687804153,-109.91131792962548
2090,146.35295644489815,261.95411687804153,-115.60116043314335
2100,146.35295644489815,261.95411687804153,-115.60116043314335
2110,146.35295644489815,261.95411687804153,-115.60116043314335
2120,137.530066818872,257.3672611088841,-119.83719429001209
2130,142.4708988079219,265.09382947994163,-122.62293067201969
2140,141.22812301007798,267.09382947994163,-125.86570646986362
2150,141.22812301007798,267.09382947994163,-125.86570646986362
2160,139.94344359723618,268.09382947994163,-128.15038588270542
2170,134.42004847613862,268.03200129879406,-133.6119528226554
2180,128.2438841619878,267.6780312032788,-139.43414704129097
2190,128.2438841619878,267.6780312032788,-139.43414704129097
2200,128.2438841619878,267.6780312032788,-139.43414704129097
2210,122.11721149174264,269.7095392466872,-147.59232775494453
2220,140.5554939666181,277.74105399561813,-137.18556002900002
2230,140.5554939666181,277.74105399561813,-137.18556002900002
2240,140.5554939666181,277.74105399561813,-137.18556002900002
2250,140.5554939666181,277.74105399561813,-137.18556002900002
2260,125.21046634105733,274.5152033538907,-149.30473701283333
2270,146.39049120334676,281.5152033538907,-135.1247121505439
2280,146.39049120334676,281.5152033538907,-135.1247121505439
2290,146.39049120334676,281.5152033538907,-135.1247121505439
2300,137.7377887525945,281.3480134875863,-143.61022473499176
2310,154.20357728464296,289.6044185729115,-135.40084128826854
2320,163.4599823699682,288.86082365823677,-125.40084128826854
2330,163.4599823699682,288.86082365823677,-125.40084128826854
2340,163.4599823699682,288.86082365823677,-125.40084128826854
2350,160.5576147706597,295.2690859408467,-134.71147117018697
2360,180.01468566519907,297.4732186467736,-117.4585329815745
2370,180.01468566519907,297.4732186467736,-117.4585329815745
2380,180.01468566519907,297.4732186467736,-117.4585329815745
2390,174.05977377755335,298.17339616728714,-124.11362238973376
2400,175.36595604283502,308.17339616728714,-132.80744012445209
2410,197.36595604283502,310.17339616728714,-112.80744012445209
2420,197.36595604283502,310.17339616728714,-112.80744012445209
2430,191.68001413805177,311.1098110349267,-119.42979689687488
2440,200.4232132480829,321.1098110349267,-120.68659778684375
2450,209.83853249711683,321.3225217433064,-111.48398924618957
2460,209.83853249711683,321.3225217433064,-111.48398924618957
2470,209.83853249711683,321.3225217433064,-111.48398924618957
2480,208.02064256829908,328.3225217433064,-120.30187917500731
2490,217.00275483069709,329.21434228582075,-112.21158745512363
2500,217.00275483069709,329.21434228582075,-112.21158745512363
2510,217.00275483069709,329.21434228582075,-112.21158745512363
2520,212.923019335547,329.8302930490463,-116.90727371349928
2530,197.86857377080014,323.16907777352026,-125.30050400272009
2540,197.86857377080014,323.16907777352026,-125.30050400272009
2550,197.86857377080014,323.16907777352026,-125.30050400272009
2560,193.83388860611012,326.16907777352026,-132.3351891674101
2570,203.59781262365868,336.16907777352026,-132.57126514986155
2580,214.59781262365868,337.16907777352026,-122.57126514986155
2590,214.59781262365868,337.16907777352026,-122.57126514986155
2600,214.59781262365868,337.16907777352026,-122.57126514986155
2610,205.5227503934293,336.234786336252,-130.71203594282267
2620,219.13713915733388,345.234786336252,-126.0976471789181
2630,219.13713915733388,345.234786336252,-126.0976471789181
2640,219.13713915733388,345.234786336252,-126.0976471789181
2650,219.13713915733388,345.234786336252,-126.0976471789181
2660,211.5044014164596,353.08549873990705,-141.58109732344744
2670,230.5044014164596,358.08549873990705,-127.58109732344744
2680,230.5044014164596,358.08549873990705,-127.58109732344744
2690,230.5044014164596,358.08549873990705,-127.58109732344744
2700,221.63884753076127,359.20560153288534,-137.56675400212404
2710,226.406811208406,365.20560153288534,-138.7987903244793
2720,226.406811208406,365.20560153288534,-138.7987903244793
2730,226.406811208406,365.20560153288534,-138.7987903244793
2740,229.49358978954842,373.20560153288534,-143.7120117433369
2750,213.8896604636102,364.2357032345026,-150.34604277089235
2760,213.8896604636102,364.2357032345026,-150.34604277089235
2770,213.8896604636102,364.2357032345026,-150.34604277089235
2780,213.8896604636102,364.2357032345026,-150.34604277089235
2790,205.002676987031,370.19570085121086,-165.19302386417982
2800,227.647129290679,373.38615883601597,-145.73902954533693
2810,227.647129290679,373.38615883601597,-145.73902954533693
2820,227.647129290679,373.38615883601597,-145.73902954533693
2830,201.4242164203315,356.59064028871944,-155.1664238683879
2840,187.46454887924483,348.94343593431404,-161.47888705506918
2850,187.46454887924483,348.94343593431404,-161.47888705506918
2860,187.46454887924483,348.94343593431404,-161.47888705506918
2870,187.46454887924483,348.94343593431404,-161.47888705506918
2880,177.87624314514687,355.3283879206865,-177.4521447755396
2890,195.9218332254677,353.1037492574542,-157.18191603198645
2900,195.9218332254677,353.1037492574542,-157.18191603198645
2910,195.9218332254677,353.1037492574542,-157.18191603198645
2920,188.5443053356721,360.3693343847408,-171.82502904906866
2930,198.82563170412323,356.42683981353184,-157.6012081094086
2940,198.82563170412323,356.42683981353184,-157.6012081094086
2950,198.82563170412323,356.42683981353184,-157.6012081094086
2960,194.96752351144096,359.42683981353184,-164.45931630209085
2970,204.38164595136186,361.25811647617957,-156.87647052481768
2980,204.38164595136186,361.25811647617957,-156.87647052481768
2990,204.38164595136186,361.25811647617957,-156.87647052481768
3000,199.33471519866725,362.20350620144745,-162.86879100278017
3010,199.5388097538962,368.23287714266917,-168.69406738877294
3020,199.5388097538962,368.23287714266917,-168.69406738877294
3030,199.5388097538962,368.23287714266917,-168.69406738877294
3040,199.5388097538962,368.23287714266917,-168.69406738877294
3050,193.369387142302,376.23287714266917,-182.86349000036714
3060,218.01365437352797,382.23287714266917,-164.21922276914117
3070,218.01365437352797,382.23287714266917,-164.21922276914117
3080,218.01365437352797,382.23287714266917,-164.21922276914117
3090,205.8156528993859,379.9878598227515,-174.17220692336556
3100,227.96136989438673,382.36500710988184,-154.40363721549508
3110,227.96136989438673,382.36500710988184,-154.40363721549508
3120,227.96136989438673,382.36500710988184,-154.40363721549508
3130,227.96136989438673,382.36500710988184,-154.40363721549508
3140,216.73816173517844,378.0940372123732,-161.35587547719476
3150,219.56782188260695,371.241645067872,-151.67382318526504
3160,219.56782188260695,371.241645067872,-151.67382318526504
3170,219.56782188260695,371.241645067872,-151.67382318526504
3180,214.7758411988034,376.241645067872,-161.4658038690686
3190,236.5625393613591,378.7843848466291,-142.22184548527
3200,236.5625393613591,378.7843848466291,-142.22184548527
3210,236.5625393613591,378.7843848466291,-142.22184548527
3220,236.5625393613591,378.7843848466291,-142.22184548527
3230,234.83237759018084,384.56231273704907,-149.7299351468682
3240,254.97444724285742,383.70438238972565,-128.7299351468682
3250,254.97444724285742,383.70438238972565,-128.7299351468682
3260,254.97444724285742,383.70438238972565,-128.7299351468682
3270,229.5584108158364,368.91870987409493,-139.3602990582585
3280,222.16887863719603,365.8641133903875,-143.69523475319144
3290,222.16887863719603,365.8641133903875,-143.69523475319144
3300,222.16887863719603,365.8641133903875,-143.69523475319144
3310,217.76249824435217,368.48151688993676,-150.71901864558455
3320,211.33916978765046,366.1163260586909,-154.7771562710404
3330,211.33916978765046,366.1163260586909,-154.7771562710404
3340,211.33916978765046,366.1163260586909,-154.7771562710404
3350,204.27667042746907,365.7287751188851,-161.452104691416
3360,198.61169963463908,361.0269274985767,-162.4152278639376
3370,198.61169963463908,361.0269274985767,-162.4152278639376
3380,198.61169963463908,361.0269274985767,-162.4152278639376
3390,193.07744240149623,367.0269274985767,-173.94948509708044
3400,213.10926552995807,372.1281478679157,-159.0188823379576
3410,213.10926552995807,372.1281478679157,-159.0188823379576
3420,213.10926552995807,372.1281478679157,-159.0188823379576
3430,206.7552091567195,370.4661785191274,-163.7109693624079
3440,201.79512996360427,380.4661785191274,-178.67104855552313
3450,224.10931199177867,383.4661785191274,-159.35686652734873
3460,224.10931199177867,383.4661785191274,-159.35686652734873
3470,224.10931199177867,383.4661785191274,-159.35686652734873
3480,217.50792456924682,389.58657804265385,-172.078653473407
3490,243.34210319578415,391.25756818189984,-147.91546498611567
3500,243.34210319578415,391.25756818189984,-147.91546498611567
3510,243.34210319578415,391.25756818189984,-147.91546498611567
3520,243.34210319578415,391.25756818189984,-147.91546498611567
3530,233.43684127688175,392.9126853062189,-159.47584402933714
3540,256.1383483237005,391.61419235303765,-135.47584402933714
3550,256.1383483237005,391.61419235303765,-135.47584402933714
3560,256.1383483237005,391.61419235303765,-135.47584402933714
3570,256.1088182455278,396.6314889951027,-140.52267074957487
3580,245.48103575169807,393.3463885350502,-147.8653527833521
3590,245.48103575169807,393.3463885350502,-147.8653527833521
3600,245.48103575169807,393.3463885350502,-147.8653527833521
3610,234.35126532096183,391.26638405252015,-156.9151187315583
3620,225.0740091832704,385.04732410184806,-159.97331491857764
3630,225.0740091832704,385.04732410184806,-159.97331491857764
3640,225.0740091832704,385.04732410184806,-159.97331491857764
3650,225.0740091832704,385.04732410184806,-159.97331491857764
3660,209.6439825030393,388.8810718762106,-179.2370893731713
3670,209.76883241854375,392.8810718762106,-183.11223945766685
3680,209.76883241854375,392.8810718762106,-183.11223945766685
3690,209.76883241854375,392.8810718762106,-183.11223945766685
3700,211.5334516497678,402.8810718762106,-191.34762022644279
3710,208.57859215460485,406.8810718762106,-198.30247972160575
3720,208.57859215460485,406.8810718762106,-198.30247972160575
3730,208.57859215460485,406.8810718762106,-198.30247972160575
3740,203.98774877510732,410.8810718762106,-206.89332310110328
3750,224.59906842879718,416.7720894845552,-192.17302105575797
3760,224.59906842879718,416.7720894845552,-192.17302105575797
3770,224.59906842879718,416.7720894845552,-192.17302105575797
3780,220.50074922613567,416.9556524785585,-196.45490325242278
3790,225.29765432648128,423.3244274290628,-198.02677310258147
3800,224.04471340350574,425.3244274290628,-201.279714025557
3810,224.04471340350574,425.3244274290628,-201.279714025557
3820,224.04471340350574,425.3244274290628,-201.279714025557
3830,218.89286365680164,433.4165604742593,-214.52369681745765
3840,244.89286365680164,437.4165604742593,-192.52369681745765
3850,244.89286365680164,437.4165604742593,-192.52369681745765
3860,244.89286365680164,437.4165604742593,-192.52369681745765
3870,245.27195827610558,445.4548212955124,-200.18286301940677
3880,237.7279271776206,445.40425812400645,-207.67633094638583
3890,237.7279271776206,445.40425812400645,-207.67633094638583
3900,237.7279271776206,445.40425812400645,-207.67633094638583
3910,233.29750028200215,445.669713727606,-212.37221344560382
3920,222.7700188154704,450.507825843466,-227.73780702799556
3930,245.0068084592349,453.507825843466,-208.50101738423106
3940,245.0068084592349,453.507825843466,-208.50101738423106
3950,245.0068084592349,453.507825843466,-208.50101738423106
3960,243.68559865601128,459.463893107546,-215.77829445153472
3970,258.6236651534564,464.463893107546,-205.8402279540896
3980,258.6236651534564,464.463893107546,-205.8402279540896
3990,258.6236651534564,464.463893107546,-205.8402279540896
4000,255.49922029621666,473.463893107546,-217.96467281132934
4010,257.6947828451521,476.389471165312,-218.69468832015988
4020,257.6947828451521,476.389471165312,-218.69468832015988
4030,257.6947828451521,476.389471165312,-218.69468832015988
4040,254.5964657733566,480.389471165312,-225.79300539195535
4050,261.01302411354845,490.389471165312,-229.3764470517635
4060,261.01302411354845,490.389471165312,-229.3764470517635
4070,261.01302411354845,490.389471165312,-229.3764470517635
4080,261.01302411354845,490.389471165312,-229.3764470517635
4090,255.79316984809702,496.6423234263784,-240.84915357828137
4100,277.6241983095533,501.6423234263784,-224.01812511682508
4110,277.6241983095533,501.6423234263784,-224.01812511682508
4120,277.6241983095533,501.6423234263784,-224.01812511682508
4130,276.88242363132304,510.6423234263784,-233.75989979505536
4140,269.3369324351079,506.3386494810111,-237.00171704590318
4150,269.3369324351079,506.3386494810111,-237.00171704590318
4160,269.3369324351079,506.3386494810111,-237.00171704590318
4170,269.3369324351079,506.3386494810111,-237.00171704590318
4180,260.2550286570913,513.4372612903244,-253.18223263323304
4190,282.542339987529,514.6353199700243,-232.09297998249528
4200,282.542339987529,514.6353199700243,-232.09297998249528
4210,282.542339987529,514.6353199700243,-232.09297998249528
4220,276.36896259285277,517.9174572745687,-241.54849468171594
4230,286.6138311693794,523.9652256140835,-237.35139444470403
4240,286.6138311693794,523.9652256140835,-237.35139444470403
4250,286.6138311693794,523.9652256140835,-237.35139444470403
4260,284.07245016790694,525.9652256140835,-241.8927754461765
4270,280.77745667792624,526.1551565448171,-245.37769986689088
4280,277.7757847601897,524.2713279420859,-246.49554318189618
4290,277.7757847601897,524.2713279420859,-246.49554318189618
4300,273.19231671787566,524.0289122233517,-250.83659550547597
4310,277.28460875101155,529.9888190174825,-252.70421026647088
4320,268.41986660606926,527.5948556060321,-259.1749889999628
4330,268.41986660606926,527.5948556060321,-259.1749889999628
4340,268.41986660606926,527.5948556060321,-259.1749889999628
4350,263.44376896269387,532.5948556060321,-269.1510866433382
4360,280.1872806394822,539.3586509520537,-259.1713703125715
4370,280.1872806394822,539.3586509520537,-259.1713703125715
4380,280.1872806394822,539.3586509520537,-259.1713703125715
4390,280.1872806394822,539.3586509520537,-259.1713703125715
4400,273.5135270500905,546.3586509520537,-272.84512390196323
4410,282.6908679748303,549.6868174070842,-266.99594943225384
4420,282.6908679748303,549.6868174070842,-266.99594943225384
4430,282.6908679748303,549.6868174070842,-266.99594943225384
4440,282.6908679748303,549.6868174070842,-266.99594943225384
4450,279.03200246341294,552.6868174070842,-273.6548149436712
4460,289.9940850803978,560.8121879021055,-270.8181028217077
4470,289.9940850803978,560.8121879021055,-270.8181028217077
4480,289.9940850803978,560.8121879021055,-270.8181028217077
4490,289.9940850803978,560.8121879021055,-270.8181028217077
4500,288.62621546484297,561.8121879021055,-273.18597243726254
4510,279.3297601262457,563.3809823016054,-284.0512221753597
4520,297.3105802903301,561.3618024656898,-264.0512221753597
4530,297.3105802903301,561.3618024656898,-264.0512221753597
4540,297.3105802903301,561.3618024656898,-264.0512221753597
4550,288.66027981735533,568.4041319558746,-279.7438521385193
4560,307.8208850393421,574.4041319558746,-266.5832469165325
4570,307.8208850393421,574.4041319558746,-266.5832469165325
4580,307.8208850393421,574.4041319558746,-266.5832469165325
4590,299.2883923719055,577.1165240923292,-277.8281317204237
4600,293.9754461044795,580.1395275066025,-286.164081402123
4610,293.9754461044795,580.1395275066025,-286.164081402123
4620,293.9754461044795,580.1395275066025,-286.164081402123
4630,291.261224537564,581.1395275066025,-289.8783029690385
4640,288.6902598286397,584.3165579358465,-295.6262981072068
4650,296.0794537732727,583.6635951841599,-287.58414141088724
4660,296.0794537732727,583.6635951841599,-287.58414141088724
4670,296.0794537732727,583.6635951841599,-287.58414141088724
4680,290.6183120528585,585.0084882075316,-294.3901761546731
4690,283.41203916765517,586.6329499924905,-303.2209108248353
4700,303.75642272032565,586.977333545161,-283.2209108248353
4710,303.75642272032565,586.977333545161,-283.2209108248353
4720,303.75642272032565,586.977333545161,-283.2209108248353
4730,291.76501629449194,592.5189862395055,-300.7539699450135
4740,316.23921487428015,597.5189862395055,-281.2797713652253
4750,316.23921487428015,597.5189862395055,-281.2797713652253
4760,316.23921487428015,597.5189862395055,-281.2797713652253
4770,310.51730234123534,599.5119847501046,-288.99468240886927
4780,311.3183583388454,603.1844361270196,-291.86607778817415
4790,311.3183583388454,603.1844361270196,-291.86607778817415
4800,311.3183583388454,603.1844361270196,-291.86607778817415
4810,306.4222382227308,606.2653765375144,-299.8431383147836
4820,300.4499059537775,607.909203707648,-307.4592977538705
4830,300.4499059537775,607.909203707648,-307.4592977538705
4840,300.4499059537775,607.909203707648,-307.4592977538705
4850,298.0795895377523,609.909203707648,-311.82961416989565
4860,286.2342047611601,605.9340749675757,-319.69987020641565
4870,297.2342047611601,606.9340749675757,-309.69987020641565
4880,297.2342047611601,606.9340749675757,-309.69987020641565
4890,295.206955111993,606.9475020910031,-311.7405469790101
4900,301.71275848097866,616.9475020910031,-315.23474361002445
4910,300.5121562475688,618.9475020910031,-318.43534584343433
4920,300.5121562475688,618.9475020910031,-318.43534584343433
4930,300.5121562475688,618.9475020910031,-318.43534584343433
4940,291.1714853788144,622.0465292031295,-330.87504382431507
4950,308.40114442951744,625.9360487753875,-317.53490434587
4960,308.40114442951744,625.9360487753875,-317.53490434587
4970,308.40114442951744,625.9360487753875,-317.53490434587
4980,299.50169204868143,626.0282577569014,-326.52656570822
4990,295.81129626132315,626.9143639797694,-331.10306771844625
5000,295.81129626132315,626.9143639797694,-331.10306771844625
5010,295.81129626132315,626.9143639797694,-331.10306771844625
5020,297.4171914229519,634.9143639797694,-337.49717255681753
5030,296.8005075076944,640.9143639797694,-344.113856472075
5040,296.8005075076944,640.9143639797694,-344.113856472075
5050,296.8005075076944,640.9143639797694,-344.113856472075
5060,294.02504744328326,642.9143639797694,-348.88931653648615
5070,297.1754325697548,650.8534289444215,-353.6779963746667
5080,319.1963682206697,651.8743645953364,-332.6779963746667
5090,319.1963682206697,651.8743645953364,-332.6779963746667
5100,319.1963682206697,651.8743645953364,-332.6779963746667
5110,317.25980431534117,658.8848881716258,-341.6250838562846
5120,317.34857274912065,661.8954117106623,-344.54683896154165
5130,317.34857274912065,661.8954117106623,-344.54683896154165
5140,317.34857274912065,661.8954117106623,-344.54683896154165
5150,311.20176843873924,662.6252974899835,-351.42352905124426
5160,303.9767234133906,659.2347443433828,-355.2580209299922
5170,325.706613700313,659.9646346303052,-334.2580209299922
5180,325.706613700313,659.9646346303052,-334.2580209299922
5190,322.0653982119984,658.7433699550456,-336.67797174304724
5200,323.92450117639964,668.7433699550456,-344.818868778646
5210,335.0103880869574,671.7433699550456,-336.73298186808825
5220,335.0103880869574,671.7433699550456,-336.73298186808825
5230,335.0103880869574,671.7433699550456,-336.73298186808825
5240,332.79556704632705,679.7433699550456,-346.9478029087186
5250,353.393822181446,682.3524308981723,-328.9586087167263
5260,353.393822181446,682.3524308981723,-328.9586087167263
5270,353.393822181446,682.3524308981723,-328.9586087167263
5280,354.24423510901397,692.3524308981723,-338.10819578915834
5290,346.800761293096,692.385088402254,-345.58432710915804
5300,346.800761293096,692.385088402254,-345.58432710915804
5310,346.800761293096,692.385088402254,-345.58432710915804
5320,330.90733302704757,686.2200456442661,-355.3127126172185
5330,351.5094921695418,695.2200456442661,-343.7105534747243
5340,351.5094921695418,695.2200456442661,-343.7105534747243
5350,351.5094921695418,695.2200456442661,-343.7105534747243
5360,348.8617867635912,697.2200456442661,-348.35825888067484
5370,353.888792525453,707.2200456442661,-353.33125311881304
5380,360.28657068818575,705.6846620640135,-345.3980913758278
5390,360.28657068818575,705.6846620640135,-345.3980913758278
5400,357.55721243232256,707.6846620640135,-350.127449631691
5410,356.64759623020655,715.9661390981055,-359.31854286789894
5420,359.01131399482256,709.3744720122195,-350.3631580173969
5430,359.01131399482256,709.3744720122195,-350.3631580173969
5440,359.01131399482256,709.3744720122195,-350.3631580173969
5450,359.0062906345702,717.5519165894366,-358.5456259548664
5460,342.4541758498526,709.340361704526,-366.8861858546734
5470,342.4541758498526,709.340361704526,-366.8861858546734
5480,342.4541758498526,709.340361704526,-366.8861858546734
5490,342.4541758498526,709.340361704526,-366.8861858546734
5500,325.0984907647944,706.233105113206,-381.13461434841156
5510,340.38126196473604,710.233105113206,-369.8518431484699
5520,340.38126196473604,710.233105113206,-369.8518431484699
5530,340.38126196473604,710.233105113206,-369.8518431484699
5540,338.9257060191012,711.233105113206,-372.30739909410477
5550,331.61132286995417,719.4682782790042,-387.85695540905
5560,355.61132286995417,722.4682782790042,-366.85695540905
5570,355.61132286995417,722.4682782790042,-366.85695540905
5580,355.61132286995417,722.4682782790042,-366.85695540905
5590,351.3963472744799,726.4682782790042,-375.07193100452423
5600,370.0412397882319,736.4682782790042,-366.42703849077225
5610,381.0412397882319,737.4682782790042,-356.42703849077225
5620,381.0412397882319,737.4682782790042,-356.42703849077225
5630,381.0412397882319,737.4682782790042,-356.42703849077225
5640,371.79629191517597,743.5931979393936,-371.7969060242176
5650,384.7443609213806,750.5931979393936,-365.848837018013
5660,384.7443609213806,750.5931979393936,-365.848837018013
5670,384.7443609213806,750.5931979393936,-365.848837018013
5680,375.7838790839887,749.7703156298376,-373.98643654584885
5690,380.38317338138586,752.3626774078584,-371.97950402647257
5700,378.2019846191979,750.9195227450109,-372.717538125813
5710,378.2019846191979,750.9195227450109,-372.717538125813
5720,378.2019846191979,750.9195227450109,-372.717538125813
5730,375.0608803531504,754.1279939985252,-379.0671136453748
5740,375.95578163623577,752.9253368428326,-376.96955520659685
5750,375.95578163623577,752.9253368428326,-376.96955520659685
5760,375.95578163623577,752.9253368428326,-376.96955520659685
5770,375.95578163623577,752.9253368428326,-376.96955520659685
5780,370.1654734289623,758.9253368428326,-388.75986341387033
5790,390.2620181715465,763.2810480943299,-373.0190299227834
5800,390.2620181715465,763.2810480943299,-373.0190299227834
5810,390.2620181715465,763.2810480943299,-373.0190299227834
5820,387.0160361653543,762.090936233697,-375.0749000683427
5830,393.4617232954479,772.090936233697,-378.6292129382491
5840,415.2001183456159,775.090936233697,-359.8908178880811
5850,415.2001183456159,775.090936233697,-359.8908178880811
5860,415.2001183456159,775.090936233697,-359.8908178880811
5870,413.50284725561505,785.090936233697,-371.58808897808194
5880,426.8165124966181,789.090936233697,-362.2744237370789
5890,426.8165124966181,789.090936233697,-362.2744237370789
5900,426.8165124966181,789.090936233697,-362.2744237370789
5910,422.9244830919779,792.9271226724959,-370.002639580518
5920,420.11378216877347,792.2276812693453,-372.11389910057187
5930,420.11378216877347,792.2276812693453,-372.11389910057187
5940,420.11378216877347,792.2276812693453,-372.11389910057187
5950,409.19188199326163,789.5871193087078,-380.39523731544614
5960,414.60747518524295,795.9350789016462,-381.32760371640325
5970,414.60747518524295,795.9350789016462,-381.32760371640325
5980,414.60747518524295,795.9350789016462,-381.32760371640325
5990,414.60747518524295,795.9350789016462,-381.32760371640325
6000,410.8044401346124,802.9350789016462,-392.1306387670338
6010,443.8521516038454,808.8923509618617,-365.04019935801625
6020,443.8521516038454,808.8923509618617,-365.04019935801625
6030,443.8521516038454,808.8923509618617,-365.04019935801625
6040,443.8521516038454,808.8923509618617,-365.04019935801625
6050,437.0335523648537,817.8923509618617,-380.858798597008
6060,459.62231373920804,819.3813115259982,-359.75899778679013
6070,459.62231373920804,819.3813115259982,-359.75899778679013
6080,459.62231373920804,819.3813115259982,-359.75899778679013
6090,451.1256291283644,819.5741763314581,-368.44854720309377
6100,459.81540470331674,829.5741763314581,-369.7587716281414
6110,459.81540470331674,829.5741763314581,-369.7587716281414
6120,459.81540470331674,829.5741763314581,-369.7587716281414
6130,452.9669838300324,827.1243636658764,-374.15737983584404
6140,469.22420427709585,835.2044617882348,-365.9802575111389
6150,469.4814447960234,836.2044617882348,-366.72301699221134
6160,469.4814447960234,836.2044617882348,-366.72301699221134
6170,463.80844745918876,838.2443270920194,-374.4358796328306
6180,457.63146055251127,837.0884898951626,-379.45702934265137
6190,456.7427786043263,838.0884898951626,-381.34571129083633
6200,456.7427786043263,838.0884898951626,-381.34571129083633
6210,455.47248954087263,839.0884898951626,-383.61600035429
6220,461.4403014978743,846.9886334738112,-385.5483319759369
6230,460.5161910405732,849.9886334738112,-389.47244243323803
6240,460.5161910405732,849.9886334738112,-389.47244243323803
6250,460.5161910405732,849.9886334738112,-389.47244243323803
6260,459.24644718080526,852.9886334738112,-393.74218629300594
6270,463.01250855758553,856.722751022724,-393.71024246513844
6280,474.01250855758553,857.722751022724,-383.71024246513844
6290,474.01250855758553,857.722751022724,-383.71024246513844
6300,474.01250855758553,857.722751022724,-383.71024246513844
6310,468.3951242430485,862.722751022724,-394.3276267796755
6320,491.3546685142792,872.722751022724,-381.3680825084448
6330,491.3546685142792,872.722751022724,-381.3680825084448
6340,491.3546685142792,872.722751022724,-381.3680825084448
6350,479.9664705111063,868.9529054178274,-388.9864349067211
6360,468.1997836692608,864.0932142449892,-395.8934305757284
6370,468.1997836692608,864.0932142449892,-395.8934305757284
6380,468.1997836692608,864.0932142449892,-395.8934305757284
6390,468.1997836692608,864.0932142449892,-395.8934305757284
6400,465.2617729617632,872.26898549631,-407.00721253454685
6410,482.99555879220134,869.0027713267482,-386.00721253454685
6420,482.99555879220134,869.0027713267482,-386.00721253454685
6430,482.99555879220134,869.0027713267482,-386.00721253454685
6440,475.0121925412095,865.5099209634936,-390.4977284222841
6450,470.92070361360675,870.329153308121,-399.4084496945143
6460,479.7857328890241,868.1941825835383,-388.4084496945143
6470,479.7857328890241,868.1941825835383,-388.4084496945143
6480,479.7857328890241,868.1941825835383,-388.4084496945143
6490,473.78557281329995,870.5572186200297,-396.7716458067298
6500,464.31408362224465,866.4696135906852,-402.15552996844053
6510,464.31408362224465,866.4696135906852,-402.15552996844053
6520,464.31408362224465,866.4696135906852,-402.15552996844053
6530,448.7928802719689,863.7202288000262,-414.92734852805734
6540,452.3800422301865,859.4246856658137,-407.0446434356272
6550,452.3800422301865,859.4246856658137,-407.0446434356272
6560,452.3800422301865,859.4246856658137,-407.0446434356272
6570,448.140284811554,863.4246856658137,-415.28440085425973
6580,460.8928363448358,863.0208631916321,-402.1280268467963
6590,460.8928363448358,863.0208631916321,-402.1280268467963
6600,460.8928363448358,863.0208631916321,-402.1280268467963
6610,456.54479394614464,863.1891831918037,-406.6443892456591
6620,451.49362456187373,864.5191051824368,-413.02548062056303
6630,451.3065858124173,865.6926064653671,-414.3860206529498
6640,451.3065858124173,865.6926064653671,-414.3860206529498
6650,451.3065858124173,865.6926064653671,-414.3860206529498
6660,446.66029361024266,867.6338242305792,-420.97353062033653
6670,438.36922662094,866.9349730773247,-428.56574645638466
6680,438.36922662094,866.9349730773247,-428.56574645638466
6690,438.36922662094,866.9349730773247,-428.56574645638466
6700,432.5252983732498,872.9349730773247,-440.40967470407486
6710,456.55643850698834,875.8333991183317,-419.2769606113434
6720,456.55643850698834,875.8333991183317,-419.2769606113434
6730,456.55643850698834,875.8333991183317,-419.2769606113434
6740,453.25004923477536,878.8333991183317,-425.58334988355637
6750,459.5556785254157,884.9957876591361,-425.4401091337204
6760,457.597386845795,883.9516749171889,-426.35428807139397
6770,457.597386845795,883.9516749171889,-426.35428807139397
6780,457.597386845795,883.9516749171889,-426.35428807139397
6790,453.5559219023562,892.1064674942172,-438.550545591861
6800,458.77534613519674,898.1064674942172,-439.33112135902047
6810,458.77534613519674,898.1064674942172,-439.33112135902047
6820,458.77534613519674,898.1064674942172,-439.33112135902047
6830,458.63108574360376,907.1064674942172,-448.47538175061345
6840,455.75307050853735,903.0998834608472,-447.34681295230985
6850,455.75307050853735,903.0998834608472,-447.34681295230985
6860,455.75307050853735,903.0998834608472,-447.34681295230985
6870,449.66884014516836,905.1681284545339,-455.4992883093655
6880,474.76214591175085,911.9762981174863,-437.21415220573545
6890,474.76214591175085,911.9762981174863,-437.21415220573545
6900,474.76214591175085,911.9762981174863,-437.21415220573545
6910,474.76214591175085,911.9762981174863,-437.21415220573545
6920,468.99000886589056,917.994478845445,-449.0044699795544
6930,482.21497263520723,920.0051710842527,-437.7901984490454
6940,482.21497263520723,920.0051710842527,-437.7901984490454
6950,482.21497263520723,920.0051710842527,-437.7901984490454
6960,483.29256587236887,929.0051710842527,-445.7126052118838
6970,485.581955259142,930.2732433317578,-444.69128807261586
6980,485.581955259142,930.2732433317578,-444.69128807261586
6990,485.581955259142,930.2732433317578,-444.69128807261586
7000,481.56990767404204,934.687060320226,-453.11715264618397
7010,488.7932324199355,933.0316065637744,-444.2383741438389
7020,488.7932324199355,933.0316065637744,-444.2383741438389
7030,488.7932324199355,933.0316065637744,-444.2383741438389
7040,483.7995030073798,939.0517996339477,-455.25229662656784
7050,496.43773589417106,946.0517996339477,-449.6140637397766
7060,496.43773589417106,946.0517996339477,-449.6140637397766
7070,496.43773589417106,946.0517996339477,-449.6140637397766
7080,496.43773589417106,946.0517996339477,-449.6140637397766
7090,491.33535165473586,954.083871015755,-462.74851936101913
7100,506.2633998183883,956.0119191794074,-449.74851936101913
7110,506.2633998183883,956.0119191794074,-449.74851936101913
7120,506.2633998183883,956.0119191794074,-449.74851936101913
7130,498.07360238715773,958.7784870056785,-460.70488461852074
7140,505.97406489535933,963.5017793564475,-457.5277144610882
7150,505.97406489535933,963.5017793564475,-457.5277144610882
7160,505.97406489535933,963.5017793564475,-457.5277144610882
7170,502.4263132898486,962.4351049153483,-460.0087916254997
7180,494.02750284358626,964.1684101311839,-470.14090728759766
7190,518.0808428613818,965.2217501489795,-447.14090728759766
7200,518.0808428613818,965.2217501489795,-447.14090728759766
7210,518.0808428613818,965.2217501489795,-447.14090728759766
7220,491.31920523330336,949.6405166475452,-458.3213114142418
7230,487.99028922006255,928.4122616140521,-440.42197239398956
7240,487.99028922006255,928.4122616140521,-440.42197239398956
7250,487.99028922006255,928.4122616140521,-440.42197239398956
7260,483.11906775220996,931.3258260725415,-448.2067583203316
7270,496.8742964504636,932.9860502122319,-436.11175376176834
7280,496.8742964504636,932.9860502122319,-436.11175376176834
7290,496.8742964504636,932.9860502122319,-436.11175376176834
7300,496.8742964504636,932.9860502122319,-436.11175376176834
7310,484.0403360365308,933.8566123484052,-449.8162763118744
7320,502.2929111061967,933.6137809096253,-431.32086980342865
7330,502.2929111061967,933.6137809096253,-431.32086980342865
7340,502.2929111061967,933.6137809096253,-431.32086980342865
7350,498.1727414964116,940.6137809096253,-442.44103941321373
7360,522.1640487103141,940.6050881235278,-418.44103941321373
7370,522.1640487103141,940.6050881235278,-418.44103941321373
7380,522.1640487103141,940.6050881235278,-418.44103941321373
7390,516.2657288102782,942.8444669930614,-426.5787381827831
7400,539.9553310362971,948.8044668821967,-408.8491358458996
7410,539.9553310362971,948.8044668821967,-408.8491358458996
7420,539.9553310362971,948.8044668821967,-408.8491358458996
7430,539.9553310362971,948.8044668821967,-408.8491358458996
7440,531.750814029423,953.987063386885,-422.23624935746193
7450,552.213442021457,959.1696576563991,-406.95621563494205
7460,552.213442021457,959.1696576563991,-406.95621563494205
7470,552.213442021457,959.1696576563991,-406.95621563494205
7480,548.7358235059655,962.1696576563991,-413.43383415043354
7490,571.0534703223384,968.9432704089559,-397.88980008661747
7500,571.0534703223384,968.9432704089559,-397.88980008661747
7510,571.0534703223384,968.9432704089559,-397.88980008661747
7520,568.663102367369,971.9432704089559,-403.2801680415869
7530,566.3255545286811,975.1573978005326,-408.83184327185154
7540,565.0081035880721,976.1573978005326,-411.1492942124605
7550,565.0081035880721,976.1573978005326,-411.1492942124605
7560,557.0014599947608,974.6604674397386,-417.65900744497776
7570,560.7337561598397,982.6978406546987,-421.964084494859
7580,578.6026884219027,980.5667729167617,-401.964084494859
7590,578.6026884219027,980.5667729167617,-401.964084494859
7600,578.6026884219027,980.5667729167617,-401.964084494859
7610,553.509974633751,965.0795552371419,-411.56958060339093
7620,557.4240618696786,967.8888716934598,-410.46480982378125
7630,557.4240618696786,967.8888716934598,-410.46480982378125
7640,557.4240618696786,967.8888716934598,-410.46480982378125
7650,554.7362897744752,969.8888716934598,-415.15258191898465
7660,551.6930085620261,978.1437423317111,-426.45073376968503
7670,568.1627449592925,974.6134787289775,-406.45073376968503
7680,568.1627449592925,974.6134787289775,-406.45073376968503
7690,568.1627449592925,974.6134787289775,-406.45073376968503
7700,565.5754332146025,976.6134787289775,-411.03804551437497
7710,563.4172823032713,986.6134787289775,-423.19619642570615
7720,587.4172823032713,989.6134787289775,-402.19619642570615
7730,587.4172823032713,989.6134787289775,-402.19619642570615
7740,578.9183569452143,987.3738984851516,-408.45554153993726
7750,578.9064848250127,997.3738984851516,-418.46741366013885
7760,578.9064848250127,997.3738984851516,-418.46741366013885
7770,578.9064848250127,997.3738984851516,-418.46741366013885
7780,578.9064848250127,997.3738984851516,-418.46741366013885
7790,570.6556332534528,1000.9235141365207,-430.26788088306785
7800,598.8388319140649,1005.1067127971328,-406.26788088306785
7810,598.8388319140649,1005.1067127971328,-406.26788088306785
7820,598.8388319140649,1005.1067127971328,-406.26788088306785
7830,600.7413475936628,1009.7907849936164,-409.0494373999536
7840,591.116239545343,1007.8385026244796,-416.7222630791366
7850,591.116239545343,1007.8385026244796,-416.7222630791366
7860,591.116239545343,1007.8385026244796,-416.7222630791366
7870,583.2263585305191,1008.4784971861518,-425.25213865563273
7880,589.009051737783,1005.7277055172599,-416.7186537794769
7890,598.3413583463407,1005.0600121258176,-406.7186537794769
7900,598.3413583463407,1005.0600121258176,-406.7186537794769
7910,598.3413583463407,1005.0600121258176,-406.7186537794769
7920,589.0482126301504,1010.787564718572,-421.7393520884216
7930,604.3970059877611,1017.787564718572,-413.3905587308109
7940,604.3970059877611,1017.787564718572,-413.3905587308109
7950,604.3970059877611,1017.787564718572,-413.3905587308109
7960,601.6138994520879,1020.787564718572,-419.173665266484
7970,606.2364830201841,1026.7499781487859,-420.5134951286018
7980,605.5230847722269,1027.7499781487859,-422.226893376559
7990,605.5230847722269,1027.7499781487859,-422.226893376559
8000,605.5230847722269,1027.7499781487859,-422.226893376559
8010,599.4108936613775,1034.7499781487859,-435.3390844874084
8020,621.6920560872531,1038.7912139682448,-417.0991578809917
8030,621.6920560872531,1038.7912139682448,-417.0991578809917
8040,621.6920560872531,1038.7912139682448,-417.0991578809917
8050,615.3484487658716,1044.009959721414,-428.6615109555423
8060,628.44510648906,1043.6435028700507,-415.19839638099074
8070,628.44510648906,1043.6435028700507,-415.19839638099074
8080,628.44510648906,1043.6435028700507,-415.19839638099074
8090,628.44510648906,1043.6435028700507,-415.19839638099074
8100,617.5421365103102,1049.0409380061901,-431.4988014958799
8110,632.6945096454001,1054.0409380061901,-421.34642836079
8120,632.6945096454001,1054.0409380061901,-421.34642836079
8130,632.6945096454001,1054.0409380061901,-421.34642836079
8140,623.7586561864591,1053.7004107920802,-429.9417546056211
8150,638.2669298699475,1059.9609156562365,-421.693985786289
8160,647.3971755406237,1059.0911613269127,-411.693985786289
8170,647.3971755406237,1059.0911613269127,-411.693985786289
8180,645.958818813262,1060.0911613269127,-414.13234251365066
8190,648.7311999252415,1068.0941503359354,-419.3629504106939
8200,661.368369375763,1071.0941503359354,-409.7257809601724
8210,661.368369375763,1071.0941503359354,-409.7257809601724
8220,661.368369375763,1071.0941503359354,-409.7257809601724
8230,659.4284237971879,1079.0941503359354,-419.66572653874755
8240,665.5473263761378,1083.093223841337,-417.54589746519923
8250,665.5473263761378,1083.093223841337,-417.54589746519923
8260,665.5473263761378,1083.093223841337,-417.54589746519923
8270,661.7726019522524,1086.093223841337,-424.3206218890846
8280,662.6651470562792,1096.093223841337,-433.4280767850578
8290,684.6651470562792,1098.093223841337,-413.4280767850578
8300,684.6651470562792,1098.093223841337,-413.4280767850578
8310,680.8753377100802,1096.6509711457766,-415.77563343569636
8320,678.6174884526408,1104.8888295008219,-426.27134104818106
8330,680.1164501397288,1107.8888295008219,-427.77237936109304
8340,680.1164501397288,1107.8888295008219,-427.77237936109304
8350,680.1164501397288,1107.8888295008219,-427.77237936109304
8360,676.7016808031476,1115.8889798386372,-439.18729903548956
8370,683.1697615621961,1120.8889798386372,-437.7192182764411
8380,683.1697615621961,1120.8889798386372,-437.7192182764411
8390,683.1697615621961,1120.8889798386372,-437.7192182764411
8400,672.2017496018088,1121.2560310824192,-449.05428148061037
8410,692.8037978945649,1120.866913424281,-428.063115529716
8420,692.8037978945649,1120.866913424281,-428.063115529716
8430,692.8037978945649,1120.866913424281,-428.063115529716
8440,692.8037978945649,1120.866913424281,-428.063115529716
8450,687.5579623742378,1127.3687788037932,-439.8108164295554
8460,707.9910106076277,1128.121577375976,-420.1305667683482
8470,707.9910106076277,1128.121577375976,-420.1305667683482
8480,707.9910106076277,1128.121577375976,-420.1305667683482
8490,702.9621615525684,1129.394259218534,-426.43209766596556
8500,708.6802722797147,1130.143579712545,-421.46330743283033
8510,708.6802722797147,1130.143579712545,-421.46330743283033
8520,708.6802722797147,1130.143579712545,-421.46330743283033
8530,701.3880338803283,1127.1792785287253,-425.79124464839697
8540,706.5953846484772,1135.291123575007,-428.6957389265299
8550,704.043731829559,1133.7236821115366,-429.67995028197765
8560,704.043731829559,1133.7236821115366,-429.67995028197765
8570,704.043731829559,1133.7236821115366,-429.67995028197765
8580,691.0799858034006,1132.979808783566,-441.8998229801655
8590,700.071831396257,1130.3318507135264,-430.2600193172693
8600,700.071831396257,1130.3318507135264,-430.2600193172693
8610,700.071831396257,1130.3318507135264,-430.2600193172693
8620,689.3838294357411,1125.6919766128412,-436.3081471771002
8630,688.3701353282086,1127.5453021884314,-439.1751668602228
8640,685.26262890402,1127.6786141455523,-442.4159852415323
8650,685.26262890402,1127.6786141455523,-442.4159852415323
8660,685.26262890402,1127.6786141455523,-442.4159852415323
8670,677.2877261586837,1131.738419214671,-454.45069305598736
8680,684.2977942958823,1127.9974316344014,-443.6996373385191
8690,684.2977942958823,1127.9974316344014,-443.6996373385191
8700,684.2977942958823,1127.9974316344014,-443.6996373385191
8710,681.7217680946342,1129.9974316344014,-448.27566353976727
